4 92 96 94 90 25 0
4 141 137 135 140 41 0
4 182 180 90 94 58 0
4 92 90 184 186 59 0
4 140 135 241 243 85 0
4 135 137 246 247 86 0
4 303 301 299 305 113 0
4 311 307 309 313 114 0
4 305 299 180 182 118 0
4 307 311 186 184 119 0
4 184 90 180 323 120 0
4 399 397 301 303 159 0
4 243 241 397 399 160 0
4 401 241 135 247 161 0
4 407 405 247 246 163 0
4 416 417 405 407 166 0
4 313 309 480 482 205 0
4 488 299 301 490 207 0
4 309 307 496 498 209 0
4 307 184 323 496 216 0
4 323 180 299 488 217 0
4 482 480 513 515 219 0
4 490 301 397 605 271 0
4 605 397 241 401 272 0
4 615 401 247 405 275 0
4 624 615 405 417 281 0
4 628 626 417 416 282 0
4 633 634 626 628 284 0
4 513 480 708 710 335 0
4 480 309 498 708 337 0
4 715 716 718 720 338 0
4 716 488 490 718 340 0
4 498 496 716 715 344 0
4 496 323 488 716 351 0
4 751 753 515 513 357 0
4 753 751 757 759 359 0
4 718 490 605 860 418 0
4 860 605 401 615 420 0
4 720 718 860 875 430 0
4 879 877 626 634 431 0
4 875 860 615 624 432 0
4 877 624 417 626 433 0
4 886 892 889 890 437 0
4 892 886 634 633 439 0
4 751 513 710 978 497 0
4 757 751 978 980 498 0
4 982 715 720 984 499 0
4 986 982 984 988 500 0
4 710 708 982 986 502 0
4 708 498 715 982 505 0
4 759 757 1041 1042 532 0
4 1047 1048 1042 1041 534 0
4 1155 1153 886 890 598 0
4 1153 879 634 886 599 0
4 984 720 875 1177 617 0
4 988 984 1177 1179 618 0
4 1179 1177 877 879 619 0
4 1177 875 624 877 621 0
4 1188 1194 1191 1192 627 0
4 1194 1188 890 889 628 0
4 1041 757 980 1301 699 0
4 1047 1041 1301 1303 700 0
4 1305 986 988 1307 701 0
4 1309 1305 1307 1311 702 0
4 978 710 986 1305 704 0
4 980 978 1305 1309 706 0
4 1352 1353 1048 1047 735 0
4 1356 1357 1353 1352 736 0
4 1509 1507 1188 1192 820 0
4 1507 1155 890 1188 821 0
4 1307 988 1179 1511 822 0
4 1311 1307 1511 1513 823 0
4 1513 1511 1153 1155 824 0
4 1511 1179 879 1153 826 0
4 1545 1549 1547 1543 856 0
4 1192 1191 1549 1545 857 0
4 1352 1047 1303 1686 943 0
4 1356 1352 1686 1688 944 0
4 1690 1309 1311 1692 945 0
4 1694 1690 1692 1696 946 0
4 1301 980 1309 1690 948 0
4 1303 1301 1690 1694 950 0
4 1740 1741 1357 1356 980 0
4 1741 1740 1743 1745 981 0
4 1925 1509 1192 1545 1083 0
4 1927 1925 1545 1543 1084 0
4 1692 1311 1513 1929 1085 0
4 1696 1692 1929 1931 1086 0
4 1931 1929 1507 1509 1087 0
4 1929 1513 1155 1507 1089 0
4 1967 1963 1965 1969 1120 0
4 1969 1965 1543 1547 1121 0
4 1740 1356 1688 2141 1229 0
4 1743 1740 2141 2143 1230 0
4 2145 1694 1696 2147 1231 0
4 2149 2145 2147 2151 1232 0
4 1686 1303 1694 2145 1234 0
4 1688 1686 2145 2149 1236 0
4 2192 2193 2194 2189 1262 0
4 2189 2194 1745 1743 1263 0
4 2411 1927 1543 1965 1390 0
4 2413 2411 1965 1963 1391 0
4 2147 1696 1931 2415 1392 0
4 2151 2147 2415 2417 1393 0
4 2415 1931 1509 1925 1394 0
4 2417 2415 1925 1927 1396 0
4 2448 2446 1963 1967 1423 0
4 2446 2448 2451 2452 1424 0
4 2192 2189 2656 2658 1557 0
4 2189 1743 2143 2656 1558 0
4 2660 2149 2151 2662 1559 0
4 2664 2660 2662 2666 1560 0
4 2141 1688 2149 2660 1562 0
4 2143 2141 2660 2664 1564 0
4 2702 2708 2707 2706 1586 0
4 2193 2192 2706 2707 1587 0
4 2749 2750 2708 2702 1612 0
4 2750 2749 2753 2754 1613 0
4 2968 2413 1963 2446 1744 0
4 2970 2968 2446 2452 1745 0
4 2662 2151 2417 2972 1746 0
4 2666 2662 2972 2974 1747 0
4 2972 2417 1927 2411 1748 0
4 2974 2972 2411 2413 1750 0
4 2452 2451 3005 3003 1773 0
4 3008 3009 3003 3005 1774 0
4 3051 3049 3009 3008 1799 0
4 3049 3051 3055 3053 1800 0
4 2706 2192 2658 3246 1932 0
4 2702 2706 3246 3248 1933 0
4 3250 2664 2666 3252 1934 0
4 3254 3250 3252 3256 1935 0
4 2658 2656 3250 3254 1937 0
4 2656 2143 2664 3250 1939 0
4 2749 2702 3248 3343 1993 0
4 2753 2749 3343 3345 1994 0
4 3348 3349 2754 2753 1995 0
4 3349 3348 3351 3353 1996 0
4 3360 3361 3353 3351 1999 0
4 3364 3365 3361 3360 2000 0
4 3592 3590 3003 3009 2150 0
4 3590 2970 2452 3003 2151 0
4 3252 2666 2974 3594 2152 0
4 3256 3252 3594 3596 2153 0
4 3594 2974 2413 2968 2154 0
4 3596 3594 2968 2970 2156 0
4 3676 3592 3009 3049 2211 0
4 3678 3676 3049 3053 2212 0
4 3053 3055 3682 3680 2213 0
4 3686 3684 3680 3682 2214 0
4 3694 3692 3684 3686 2217 0
4 3697 3698 3692 3694 2218 0
4 3900 3254 3256 3902 2371 0
4 3904 3900 3902 3906 2372 0
4 3246 2658 3254 3900 2374 0
4 3248 3246 3900 3904 2375 0
4 3348 2753 3345 3979 2427 0
4 3351 3348 3979 3981 2428 0
4 3983 3904 3906 3985 2429 0
4 3987 3983 3985 3989 2430 0
4 3343 3248 3904 3983 2431 0
4 3345 3343 3983 3987 2434 0
4 3364 3360 4001 4003 2439 0
4 3360 3351 3981 4001 2440 0
4 4006 4007 3365 3364 2441 0
4 4007 4006 4010 4011 2442 0
4 4018 4019 4011 4010 2445 0
4 4022 4023 4019 4018 2446 0
4 3902 3256 3596 4253 2603 0
4 3906 3902 4253 4255 2604 0
4 4255 4253 3590 3592 2606 0
4 4253 3596 2970 3590 2607 0
4 4321 3678 3053 3680 2659 0
4 4323 4321 3680 3684 2660 0
4 3985 3906 4255 4325 2661 0
4 3989 3985 4325 4327 2662 0
4 4325 4255 3592 3676 2664 0
4 4327 4325 3676 3678 2665 0
4 4339 4323 3684 3692 2671 0
4 4341 4339 3692 3698 2672 0
4 4343 4349 4348 4347 2673 0
4 3698 3697 4349 4343 2674 0
4 4360 4355 4357 4361 2677 0
4 4348 4361 4357 4347 2678 0
4 4624 3987 3989 4626 2885 0
4 4628 4624 4626 4630 2886 0
4 3979 3345 3987 4624 2888 0
4 3981 3979 4624 4628 2890 0
4 4006 3364 4003 4648 2901 0
4 4010 4006 4648 4650 2902 0
4 4652 4628 4630 4654 2903 0
4 4656 4652 4654 4658 2904 0
4 4003 4001 4652 4656 2906 0
4 4001 3981 4628 4652 2908 0
4 4018 4010 4650 4670 2913 0
4 4022 4018 4670 4672 2914 0
4 4023 4022 4675 4676 2915 0
4 4676 4675 4679 4680 2916 0
4 4687 4688 4680 4679 2919 0
4 4690 4692 4688 4687 2920 0
4 4626 3989 4327 4964 3123 0
4 4630 4626 4964 4966 3124 0
4 4964 4327 3678 4321 3125 0
4 4966 4964 4321 4323 3127 0
4 4984 4982 4343 4347 3139 0
4 4982 4341 3698 4343 3140 0
4 4654 4630 4966 4986 3141 0
4 4658 4654 4986 4988 3142 0
4 4986 4966 4323 4339 3143 0
4 4988 4986 4339 4341 3145 0
4 5000 4984 4347 4357 3151 0
4 5002 5000 4357 4355 3152 0
4 4355 4360 5006 5004 3153 0
4 5004 5006 5010 5008 3154 0
4 5020 5022 5017 5018 3157 0
4 5022 5020 5008 5010 3158 0
4 5279 4656 4658 5281 3367 0
4 5283 5279 5281 5285 3368 0
4 4648 4003 4656 5279 3370 0
4 4650 4648 5279 5283 3372 0
4 4675 4022 4672 5303 3383 0
4 4679 4675 5303 5305 3384 0
4 5307 5283 5285 5309 3385 0
4 5311 5307 5309 5313 3386 0
4 4670 4650 5283 5307 3388 0
4 4672 4670 5307 5311 3390 0
4 4687 4679 5305 5325 3395 0
4 4690 4687 5325 5327 3396 0
4 5333 5334 5335 5330 3397 0
4 5330 5335 4692 4690 3398 0
4 5347 5346 5342 5344 3401 0
4 5334 5333 5346 5347 3402 0
4 5281 4658 4988 5606 3597 0
4 5285 5281 5606 5608 3598 0
4 5608 5606 4982 4984 3600 0
4 5606 4988 4341 4982 3601 0
4 5624 5002 4355 5004 3613 0
4 5626 5624 5004 5008 3614 0
4 5309 5285 5608 5628 3615 0
4 5313 5309 5628 5630 3616 0
4 5628 5608 4984 5000 3618 0
4 5630 5628 5000 5002 3619 0
4 5642 5626 5008 5020 3625 0
4 5644 5642 5020 5018 3626 0
4 5650 5652 5651 5649 3627 0
4 5652 5650 5018 5017 3628 0
4 5659 5660 5663 5664 3631 0
4 5649 5651 5664 5663 3632 0
4 5902 5311 5313 5904 3819 0
4 5906 5902 5904 5908 3820 0
4 5303 4672 5311 5902 3822 0
4 5305 5303 5902 5906 3824 0
4 5333 5330 5926 5928 3835 0
4 5330 4690 5327 5926 3836 0
4 5930 5906 5908 5932 3837 0
4 5934 5930 5932 5936 3838 0
4 5325 5305 5906 5930 3840 0
4 5327 5325 5930 5934 3842 0
4 5346 5333 5928 5948 3847 0
4 5342 5346 5948 5950 3848 0
4 5953 5954 5344 5342 3849 0
4 5956 5958 5954 5953 3850 0
4 5958 5956 5965 5966 3853 0
4 5969 5970 5966 5965 3854 0
4 5904 5313 5630 6220 4037 0
4 5908 5904 6220 6222 4038 0
4 6220 5630 5002 5624 4039 0
4 6222 6220 5624 5626 4041 0
4 6238 5644 5018 5650 4053 0
4 6240 6238 5650 5649 4054 0
4 5932 5908 6222 6242 4055 0
4 5936 5932 6242 6244 4056 0
4 6242 6222 5626 5642 4057 0
4 6244 6242 5642 5644 4059 0
4 6256 6240 5649 5663 4065 0
4 6258 6256 5663 5660 4066 0
4 5660 5659 6262 6261 4067 0
4 6266 6264 6261 6262 4068 0
4 6264 6266 6274 6272 4071 0
4 6274 6277 6278 6272 4072 0
4 6513 5934 5936 6515 4257 0
4 6517 6513 6515 6519 4258 0
4 5928 5926 6513 6517 4260 0
4 5926 5327 5934 6513 4262 0
4 5953 5342 5950 6537 4273 0
4 5956 5953 6537 6539 4274 0
4 6541 6517 6519 6543 4275 0
4 6545 6541 6543 6547 4276 0
4 5948 5928 6517 6541 4278 0
4 5950 5948 6541 6545 4280 0
4 5969 5965 6559 6561 4285 0
4 5965 5956 6539 6559 4286 0
4 5970 5969 6564 6565 4287 0
4 6565 6564 6567 6569 4288 0
4 6569 6567 6575 6577 4291 0
4 6579 6581 6577 6575 4292 0
4 6515 5936 6244 6828 4473 0
4 6519 6515 6828 6830 4474 0
4 6828 6244 5644 6238 4475 0
4 6830 6828 6238 6240 4478 0
4 6848 6846 6261 6264 4489 0
4 6846 6258 5660 6261 4490 0
4 6543 6519 6830 6850 4491 0
4 6547 6543 6850 6852 4492 0
4 6850 6830 6240 6256 4494 0
4 6852 6850 6256 6258 4496 0
4 6864 6848 6264 6272 4501 0
4 6866 6864 6272 6278 4502 0
4 6278 6277 6870 6868 4503 0
4 6868 6870 6874 6872 4504 0
4 6882 6880 6872 6874 4507 0
4 6880 6882 6886 6884 4508 0
4 7111 6545 6547 7113 4685 0
4 7115 7111 7113 7117 4686 0
4 6537 5950 6545 7111 4688 0
4 6539 6537 7111 7115 4690 0
4 6564 5969 6561 7135 4701 0
4 6567 6564 7135 7137 4702 0
4 7139 7115 7117 7141 4703 0
4 7143 7139 7141 7145 4704 0
4 6561 6559 7139 7143 4706 0
4 6559 6539 7115 7139 4708 0
4 6575 6567 7137 7157 4713 0
4 6579 6575 7157 7159 4714 0
4 6581 6579 7161 7163 4715 0
4 7163 7161 7165 7167 4716 0
4 7167 7165 7173 7175 4719 0
4 7175 7173 7177 7179 4720 0
4 7113 6547 6852 7424 4899 0
4 7117 7113 7424 7426 4900 0
4 7426 7424 6846 6848 4901 0
4 7424 6852 6258 6846 4904 0
4 7442 6866 6278 6868 4915 0
4 7444 7442 6868 6872 4916 0
4 7141 7117 7426 7446 4917 0
4 7145 7141 7446 7448 4918 0
4 7446 7426 6848 6864 4919 0
4 7448 7446 6864 6866 4921 0
4 7460 7444 6872 6880 4927 0
4 7462 7460 6880 6884 4928 0
4 6884 6886 7466 7464 4929 0
4 7464 7466 7469 7470 4930 0
4 7478 7477 7470 7469 4933 0
4 7478 7482 7481 7477 4934 0
4 7712 7143 7145 7714 5115 0
4 7716 7712 7714 7718 5116 0
4 7135 6561 7143 7712 5118 0
4 7137 7135 7712 7716 5120 0
4 7161 6579 7159 7736 5131 0
4 7165 7161 7736 7738 5132 0
4 7740 7716 7718 7742 5133 0
4 7744 7740 7742 7746 5134 0
4 7157 7137 7716 7740 5136 0
4 7159 7157 7740 7744 5138 0
4 7173 7165 7738 7758 5143 0
4 7177 7173 7758 7760 5144 0
4 7762 7764 7179 7177 5145 0
4 7764 7762 7766 7768 5146 0
4 7768 7766 7775 7776 5149 0
4 7779 7780 7776 7775 5150 0
4 7714 7145 7448 8030 5333 0
4 7718 7714 8030 8032 5334 0
4 8030 7448 6866 7442 5335 0
4 8032 8030 7442 7444 5337 0
4 8048 7462 6884 7464 5349 0
4 8050 8048 7464 7470 5350 0
4 7742 7718 8032 8052 5351 0
4 7746 7742 8052 8054 5352 0
4 8052 8032 7444 7460 5353 0
4 8054 8052 7460 7462 5355 0
4 8066 8050 7470 7477 5361 0
4 8068 8066 7477 7481 5362 0
4 7481 7482 8072 8071 5363 0
4 8071 8072 8076 8075 5364 0
4 8084 8083 8075 8076 5367 0
4 8087 8088 8083 8084 5368 0
4 8323 7744 7746 8325 5553 0
4 8327 8323 8325 8329 5554 0
4 7736 7159 7744 8323 5556 0
4 7738 7736 8323 8327 5558 0
4 7766 7762 8347 8349 5569 0
4 7762 7177 7760 8347 5570 0
4 8351 8327 8329 8353 5571 0
4 8355 8351 8353 8357 5572 0
4 7758 7738 8327 8351 5574 0
4 7760 7758 8351 8355 5576 0
4 7775 7766 8349 8369 5581 0
4 7779 7775 8369 8371 5582 0
4 8379 8378 8374 8376 5583 0
4 7780 7779 8378 8379 5584 0
4 8376 8374 8386 8387 5587 0
4 8389 8391 8387 8386 5588 0
4 8325 7746 8054 8639 5770 0
4 8329 8325 8639 8641 5771 0
4 8639 8054 7462 8048 5772 0
4 8641 8639 8048 8050 5774 0
4 8657 8068 7481 8071 5786 0
4 8659 8657 8071 8075 5787 0
4 8353 8329 8641 8661 5788 0
4 8357 8353 8661 8663 5789 0
4 8661 8641 8050 8066 5790 0
4 8663 8661 8066 8068 5793 0
4 8675 8659 8075 8083 5798 0
4 8677 8675 8083 8088 5799 0
4 8088 8087 8681 8680 5800 0
4 8680 8681 8684 8685 5801 0
4 8685 8684 8693 8691 5804 0
4 8697 8695 8691 8693 5805 0
4 8932 8355 8357 8934 5989 0
4 8936 8932 8934 8938 5990 0
4 8349 8347 8932 8936 5992 0
4 8347 7760 8355 8932 5994 0
4 8378 7779 8371 8956 6005 0
4 8374 8378 8956 8958 6006 0
4 8960 8936 8938 8962 6007 0
4 8964 8960 8962 8966 6008 0
4 8369 8349 8936 8960 6010 0
4 8371 8369 8960 8964 6012 0
4 8386 8374 8958 8978 6017 0
4 8389 8386 8978 8980 6018 0
4 8391 8389 8982 8984 6019 0
4 8986 8988 8984 8982 6020 0
4 8988 8986 8994 8996 6023 0
4 8998 9000 8996 8994 6024 0
4 8934 8357 8663 9246 6205 0
4 8938 8934 9246 9248 6206 0
4 9246 8663 8068 8657 6208 0
4 9248 9246 8657 8659 6210 0
4 9266 9264 8680 8685 6221 0
4 9264 8677 8088 8680 6222 0
4 8962 8938 9248 9268 6223 0
4 8966 8962 9268 9270 6224 0
4 9268 9248 8659 8675 6226 0
4 9270 9268 8675 8677 6228 0
4 9284 9282 8691 8695 6233 0
4 9282 9266 8685 8691 6234 0
4 8695 8697 9288 9286 6235 0
4 9292 9290 9286 9288 6236 0
4 9300 9298 9290 9292 6239 0
4 9298 9300 9303 9304 6240 0
4 9539 8964 8966 9541 6423 0
4 9543 9539 9541 9545 6424 0
4 8956 8371 8964 9539 6426 0
4 8958 8956 9539 9543 6428 0
4 8982 8389 8980 9563 6439 0
4 8986 8982 9563 9565 6440 0
4 9567 9543 9545 9569 6441 0
4 9571 9567 9569 9573 6442 0
4 8978 8958 9543 9567 6444 0
4 8980 8978 9567 9571 6446 0
4 8994 8986 9565 9585 6451 0
4 8998 8994 9585 9587 6452 0
4 9595 9589 9592 9593 6453 0
4 9589 9595 9000 8998 6454 0
4 9593 9592 9602 9603 6457 0
4 9605 9607 9603 9602 6458 0
4 9541 8966 9270 9851 6638 0
4 9545 9541 9851 9853 6639 0
4 9853 9851 9264 9266 6640 0
4 9851 9270 8677 9264 6643 0
4 9869 9284 8695 9286 6654 0
4 9871 9869 9286 9290 6655 0
4 9569 9545 9853 9873 6656 0
4 9573 9569 9873 9875 6657 0
4 9875 9873 9282 9284 6658 0
4 9873 9853 9266 9282 6660 0
4 9887 9871 9290 9298 6666 0
4 9889 9887 9298 9304 6667 0
4 9304 9303 9893 9891 6668 0
4 9891 9893 9897 9896 6669 0
4 9896 9897 9905 9903 6672 0
4 9909 9907 9903 9905 6673 0
4 10138 9571 9573 10140 6850 0
4 10142 10138 10140 10144 6851 0
4 9563 8980 9571 10138 6853 0
4 9565 9563 10138 10142 6855 0
4 9592 9589 10162 10164 6866 0
4 9589 8998 9587 10162 6867 0
4 10166 10142 10144 10168 6868 0
4 10170 10166 10168 10172 6869 0
4 9585 9565 10142 10166 6871 0
4 9587 9585 10166 10170 6873 0
4 9602 9592 10164 10184 6878 0
4 9605 9602 10184 10186 6879 0
4 9607 9605 10189 10190 6880 0
4 10190 10189 10193 10194 6881 0
4 10194 10193 10201 10202 6884 0
4 10202 10201 10204 10206 6885 0
4 10140 9573 9875 10448 7062 0
4 10144 10140 10448 10450 7063 0
4 10448 9875 9284 9869 7064 0
4 10450 10448 9869 9871 7066 0
4 10468 10466 9891 9896 7078 0
4 10466 9889 9304 9891 7079 0
4 10168 10144 10450 10470 7080 0
4 10172 10168 10470 10472 7081 0
4 10470 10450 9871 9887 7082 0
4 10472 10470 9887 9889 7084 0
4 10484 10468 9896 9903 7090 0
4 10486 10484 9903 9907 7091 0
4 10490 10488 9907 9909 7092 0
4 10488 10490 10493 10494 7093 0
4 10494 10493 10502 10500 7096 0
4 10500 10502 10506 10504 7097 0
4 10735 10170 10172 10737 7274 0
4 10739 10735 10737 10741 7275 0
4 10164 10162 10735 10739 7277 0
4 10162 9587 10170 10735 7279 0
4 10193 10189 10759 10761 7290 0
4 10189 9605 10186 10759 7291 0
4 10763 10739 10741 10765 7292 0
4 10767 10763 10765 10769 7293 0
4 10184 10164 10739 10763 7295 0
4 10186 10184 10763 10767 7297 0
4 10201 10193 10761 10781 7302 0
4 10204 10201 10781 10783 7303 0
4 10786 10787 10206 10204 7304 0
4 10787 10786 10790 10791 7305 0
4 10803 10802 10798 10800 7308 0
4 10802 10803 10791 10790 7309 0
4 10737 10172 10472 11045 7486 0
4 10741 10737 11045 11047 7487 0
4 11047 11045 10466 10468 7489 0
4 11045 10472 9889 10466 7490 0
4 11063 10486 9907 10488 7502 0
4 11065 11063 10488 10494 7503 0
4 10765 10741 11047 11067 7504 0
4 10769 10765 11067 11069 7505 0
4 11067 11047 10468 10484 7507 0
4 11069 11067 10484 10486 7508 0
4 11083 11081 10500 10504 7514 0
4 11081 11065 10494 10500 7515 0
4 11087 11085 10504 10506 7516 0
4 11085 11087 11091 11089 7517 0
4 11089 11091 11099 11097 7520 0
4 11097 11099 11103 11101 7521 0
4 11332 10767 10769 11334 7698 0
4 11336 11332 11334 11338 7699 0
4 10761 10759 11332 11336 7701 0
4 10759 10186 10767 11332 7703 0
4 10786 10204 10783 11356 7714 0
4 10790 10786 11356 11358 7715 0
4 11360 11336 11338 11362 7716 0
4 11364 11360 11362 11366 7717 0
4 10781 10761 11336 11360 7719 0
4 10783 10781 11360 11364 7721 0
4 10802 10790 11358 11378 7726 0
4 10798 10802 11378 11380 7727 0
4 10800 10798 11383 11384 7728 0
4 11384 11383 11386 11388 7729 0
4 11388 11386 11395 11396 7732 0
4 11399 11400 11396 11395 7733 0
4 11334 10769 11069 11642 7910 0
4 11338 11334 11642 11644 7911 0
4 11642 11069 10486 11063 7912 0
4 11644 11642 11063 11065 7914 0
4 11660 11083 10504 11085 7926 0
4 11662 11660 11085 11089 7927 0
4 11362 11338 11644 11664 7928 0
4 11366 11362 11664 11666 7929 0
4 11666 11664 11081 11083 7930 0
4 11664 11644 11065 11081 7932 0
4 11678 11662 11089 11097 7938 0
4 11680 11678 11097 11101 7939 0
4 11684 11682 11101 11103 7940 0
4 11682 11684 11687 11688 7941 0
4 11688 11687 11696 11694 7944 0
4 11694 11696 11699 11700 7945 0
4 11929 11364 11366 11931 8122 0
4 11933 11929 11931 11935 8123 0
4 11356 10783 11364 11929 8125 0
4 11358 11356 11929 11933 8127 0
4 11383 10798 11380 11953 8138 0
4 11386 11383 11953 11955 8139 0
4 11957 11933 11935 11959 8140 0
4 11961 11957 11959 11963 8141 0
4 11378 11358 11933 11957 8143 0
4 11380 11378 11957 11961 8145 0
4 11399 11395 11975 11977 8150 0
4 11395 11386 11955 11975 8151 0
4 11980 11981 11400 11399 8152 0
4 11981 11980 11984 11985 8153 0
4 11992 11994 11997 11996 8156 0
4 11985 11984 11996 11997 8157 0
4 11931 11366 11666 12239 8334 0
4 11935 11931 12239 12241 8335 0
4 12239 11666 11083 11660 8336 0
4 12241 12239 11660 11662 8338 0
4 12257 11680 11101 11682 8350 0
4 12259 12257 11682 11688 8351 0
4 11959 11935 12241 12261 8352 0
4 11963 11959 12261 12263 8353 0
4 12261 12241 11662 11678 8354 0
4 12263 12261 11678 11680 8356 0
4 12277 12275 11694 11700 8362 0
4 12275 12259 11688 11694 8363 0
4 12281 12279 11700 11699 8364 0
4 12279 12281 12285 12283 8365 0
4 12283 12285 12293 12291 8368 0
4 12297 12295 12291 12293 8369 0
4 12526 11961 11963 12528 8546 0
4 12530 12526 12528 12532 8547 0
4 11953 11380 11961 12526 8549 0
4 11955 11953 12526 12530 8551 0
4 11980 11399 11977 12550 8562 0
4 11984 11980 12550 12552 8563 0
4 12554 12530 12532 12556 8564 0
4 12558 12554 12556 12560 8565 0
4 11977 11975 12554 12558 8567 0
4 11975 11955 12530 12554 8569 0
4 11996 11984 12552 12572 8574 0
4 11992 11996 12572 12574 8575 0
4 12576 12582 12581 12580 8576 0
4 11994 11992 12580 12581 8577 0
4 12582 12576 12589 12590 8580 0
4 12593 12594 12590 12589 8581 0
4 12528 11963 12263 12836 8758 0
4 12532 12528 12836 12838 8759 0
4 12836 12263 11680 12257 8760 0
4 12838 12836 12257 12259 8762 0
4 12854 12277 11700 12279 8774 0
4 12856 12854 12279 12283 8775 0
4 12556 12532 12838 12858 8776 0
4 12560 12556 12858 12860 8777 0
4 12860 12858 12275 12277 8778 0
4 12858 12838 12259 12275 8780 0
4 12872 12856 12283 12291 8786 0
4 12874 12872 12291 12295 8787 0
4 12878 12876 12295 12297 8788 0
4 12882 12880 12876 12878 8789 0
4 12880 12882 12890 12888 8792 0
4 12888 12890 12893 12894 8793 0
4 13123 12558 12560 13125 8970 0
4 13127 13123 13125 13129 8971 0
4 12550 11977 12558 13123 8973 0
4 12552 12550 13123 13127 8975 0
4 12580 11992 12574 13147 8986 0
4 12576 12580 13147 13149 8987 0
4 13151 13127 13129 13153 8988 0
4 13155 13151 13153 13157 8989 0
4 12572 12552 13127 13151 8991 0
4 12574 12572 13151 13155 8993 0
4 12589 12576 13149 13169 8998 0
4 12593 12589 13169 13171 8999 0
4 12594 12593 13174 13175 9000 0
4 13175 13174 13177 13179 9001 0
4 13179 13177 13186 13187 9004 0
4 13190 13191 13187 13186 9005 0
4 13125 12560 12860 13433 9182 0
4 13129 13125 13433 13435 9183 0
4 13433 12860 12277 12854 9184 0
4 13435 13433 12854 12856 9186 0
4 13451 12874 12295 12876 9198 0
4 13453 13451 12876 12880 9199 0
4 13153 13129 13435 13455 9200 0
4 13157 13153 13455 13457 9201 0
4 13455 13435 12856 12872 9202 0
4 13457 13455 12872 12874 9204 0
4 13469 13453 12880 12888 9210 0
4 13471 13469 12888 12894 9211 0
4 12894 12893 13475 13473 9212 0
4 13473 13475 13479 13477 9213 0
4 13477 13479 13487 13485 9216 0
4 13485 13487 13490 13491 9217 0
4 13720 13155 13157 13722 9394 0
4 13724 13720 13722 13726 9395 0
4 13147 12574 13155 13720 9397 0
4 13149 13147 13720 13724 9399 0
4 13174 12593 13171 13744 9410 0
4 13177 13174 13744 13746 9411 0
4 13748 13724 13726 13750 9412 0
4 13752 13748 13750 13754 9413 0
4 13169 13149 13724 13748 9415 0
4 13171 13169 13748 13752 9417 0
4 13190 13186 13766 13768 9422 0
4 13186 13177 13746 13766 9423 0
4 13191 13190 13771 13772 9424 0
4 13772 13771 13774 13776 9425 0
4 13776 13774 13783 13784 9428 0
4 13787 13788 13784 13783 9429 0
4 13722 13157 13457 14030 9606 0
4 13726 13722 14030 14032 9607 0
4 14030 13457 12874 13451 9608 0
4 14032 14030 13451 13453 9610 0
4 14050 14048 13473 13477 9622 0
4 14048 13471 12894 13473 9623 0
4 13750 13726 14032 14052 9624 0
4 13754 13750 14052 14054 9625 0
4 14052 14032 13453 13469 9626 0
4 14054 14052 13469 13471 9628 0
4 14066 14050 13477 13485 9634 0
4 14068 14066 13485 13491 9635 0
4 14072 14070 13491 13490 9636 0
4 14070 14072 14076 14074 9637 0
4 14074 14076 14084 14082 9640 0
4 14082 14084 14088 14086 9641 0
4 14317 13752 13754 14319 9818 0
4 14321 14317 14319 14323 9819 0
4 13744 13171 13752 14317 9821 0
4 13746 13744 14317 14321 9823 0
4 13771 13190 13768 14341 9834 0
4 13774 13771 14341 14343 9835 0
4 14345 14321 14323 14347 9836 0
4 14349 14345 14347 14351 9837 0
4 13768 13766 14345 14349 9839 0
4 13766 13746 14321 14345 9841 0
4 13783 13774 14343 14363 9846 0
4 13787 13783 14363 14365 9847 0
4 14368 14369 13788 13787 9848 0
4 14369 14368 14372 14373 9849 0
4 14373 14372 14380 14381 9852 0
4 14384 14385 14381 14380 9853 0
4 14319 13754 14054 14627 10030 0
4 14323 14319 14627 14629 10031 0
4 14629 14627 14048 14050 10032 0
4 14627 14054 13471 14048 10034 0
4 14645 14068 13491 14070 10046 0
4 14647 14645 14070 14074 10047 0
4 14347 14323 14629 14649 10048 0
4 14351 14347 14649 14651 10049 0
4 14649 14629 14050 14066 10050 0
4 14651 14649 14066 14068 10052 0
4 14663 14647 14074 14082 10058 0
4 14665 14663 14082 14086 10059 0
4 14086 14088 14669 14667 10060 0
4 14672 14673 14667 14669 10061 0
4 14673 14672 14681 14679 10064 0
4 14679 14681 14685 14683 10065 0
4 14914 14349 14351 14916 10242 0
4 14918 14914 14916 14920 10243 0
4 14341 13768 14349 14914 10245 0
4 14343 14341 14914 14918 10247 0
4 14368 13787 14365 14938 10258 0
4 14372 14368 14938 14940 10259 0
4 14942 14918 14920 14944 10260 0
4 14946 14942 14944 14948 10261 0
4 14363 14343 14918 14942 10263 0
4 14365 14363 14942 14946 10265 0
4 14380 14372 14940 14960 10270 0
4 14384 14380 14960 14962 10271 0
4 14970 14969 14965 14967 10272 0
4 14969 14970 14385 14384 10273 0
4 14967 14965 14977 14978 10276 0
4 14978 14977 14980 14982 10277 0
4 14916 14351 14651 15224 10454 0
4 14920 14916 15224 15226 10455 0
4 15224 14651 14068 14645 10456 0
4 15226 15224 14645 14647 10458 0
4 15242 14665 14086 14667 10470 0
4 15244 15242 14667 14673 10471 0
4 14944 14920 15226 15246 10472 0
4 14948 14944 15246 15248 10473 0
4 15246 15226 14647 14663 10474 0
4 15248 15246 14663 14665 10476 0
4 15262 15260 14679 14683 10482 0
4 15260 15244 14673 14679 10483 0
4 15266 15264 14683 14685 10484 0
4 15270 15268 15264 15266 10485 0
4 15278 15276 15268 15270 10488 0
4 15276 15278 15282 15280 10489 0
4 15511 14946 14948 15513 10666 0
4 15515 15511 15513 15517 10667 0
4 14938 14365 14946 15511 10669 0
4 14940 14938 15511 15515 10671 0
4 14969 14384 14962 15535 10682 0
4 14965 14969 15535 15537 10683 0
4 15539 15515 15517 15541 10684 0
4 15543 15539 15541 15545 10685 0
4 14960 14940 15515 15539 10687 0
4 14962 14960 15539 15543 10689 0
4 14977 14965 15537 15557 10694 0
4 14980 14977 15557 15559 10695 0
4 14982 14980 15562 15563 10696 0
4 15563 15562 15566 15567 10697 0
4 15567 15566 15574 15575 10700 0
4 15575 15574 15577 15579 10701 0
4 15513 14948 15248 15821 10878 0
4 15517 15513 15821 15823 10879 0
4 15821 15248 14665 15242 10880 0
4 15823 15821 15242 15244 10882 0
4 15839 15262 14683 15264 10894 0
4 15841 15839 15264 15268 10895 0
4 15541 15517 15823 15843 10896 0
4 15545 15541 15843 15845 10897 0
4 15845 15843 15260 15262 10898 0
4 15843 15823 15244 15260 10900 0
4 15857 15841 15268 15276 10906 0
4 15859 15857 15276 15280 10907 0
4 15280 15282 15863 15861 10908 0
4 15861 15863 15866 15867 10909 0
4 15867 15866 15875 15873 10912 0
4 15873 15875 15879 15877 10913 0
4 16108 15543 15545 16110 11090 0
4 16112 16108 16110 16114 11091 0
4 15535 14962 15543 16108 11093 0
4 15537 15535 16108 16112 11095 0
4 15566 15562 16132 16134 11106 0
4 15562 14980 15559 16132 11107 0
4 16136 16112 16114 16138 11108 0
4 16140 16136 16138 16142 11109 0
4 15557 15537 16112 16136 11111 0
4 15559 15557 16136 16140 11113 0
4 15574 15566 16134 16154 11118 0
4 15577 15574 16154 16156 11119 0
4 16164 16162 16158 16160 11120 0
4 15579 15577 16162 16164 11121 0
4 16160 16158 16170 16172 11124 0
4 16174 16176 16172 16170 11125 0
4 16110 15545 15845 16418 11302 0
4 16114 16110 16418 16420 11303 0
4 16418 15845 15262 15839 11304 0
4 16420 16418 15839 15841 11306 0
4 16436 15859 15280 15861 11318 0
4 16438 16436 15861 15867 11319 0
4 16138 16114 16420 16440 11320 0
4 16142 16138 16440 16442 11321 0
4 16440 16420 15841 15857 11322 0
4 16442 16440 15857 15859 11324 0
4 16454 16438 15867 15873 11330 0
4 16456 16454 15873 15877 11331 0
4 15877 15879 16460 16458 11332 0
4 16463 16464 16458 16460 11333 0
4 16464 16463 16472 16470 11336 0
4 16470 16472 16476 16475 11337 0
4 16705 16140 16142 16707 11514 0
4 16709 16705 16707 16711 11515 0
4 16134 16132 16705 16709 11517 0
4 16132 15559 16140 16705 11519 0
4 16162 15577 16156 16729 11530 0
4 16158 16162 16729 16731 11531 0
4 16733 16709 16711 16735 11532 0
4 16737 16733 16735 16739 11533 0
4 16154 16134 16709 16733 11535 0
4 16156 16154 16733 16737 11537 0
4 16170 16158 16731 16751 11542 0
4 16174 16170 16751 16753 11543 0
4 16755 16757 16176 16174 11544 0
4 16757 16755 16760 16761 11545 0
4 16761 16760 16768 16769 11548 0
4 16769 16768 16771 16773 11549 0
4 16707 16142 16442 17015 11726 0
4 16711 16707 17015 17017 11727 0
4 17015 16442 15859 16436 11728 0
4 17017 17015 16436 16438 11730 0
4 17033 16456 15877 16458 11742 0
4 17035 17033 16458 16464 11743 0
4 16735 16711 17017 17037 11744 0
4 16739 16735 17037 17039 11745 0
4 17037 17017 16438 16454 11746 0
4 17039 17037 16454 16456 11748 0
4 17053 17051 16470 16475 11754 0
4 17051 17035 16464 16470 11755 0
4 17057 17056 16475 16476 11756 0
4 17056 17057 17061 17060 11757 0
4 17060 17061 17069 17068 11760 0
4 17068 17069 17073 17072 11761 0
4 17302 16737 16739 17304 11938 0
4 17306 17302 17304 17308 11939 0
4 16729 16156 16737 17302 11941 0
4 16731 16729 17302 17306 11943 0
4 16760 16755 17326 17328 11954 0
4 16755 16174 16753 17326 11955 0
4 17330 17306 17308 17332 11956 0
4 17334 17330 17332 17336 11957 0
4 16751 16731 17306 17330 11959 0
4 16753 16751 17330 17334 11961 0
4 16768 16760 17328 17348 11966 0
4 16771 16768 17348 17350 11967 0
4 17353 17354 16773 16771 11968 0
4 17354 17353 17357 17358 11969 0
4 17358 17357 17365 17366 11972 0
4 17366 17365 17368 17370 11973 0
4 17304 16739 17039 17612 12150 0
4 17308 17304 17612 17614 12151 0
4 17612 17039 16456 17033 12152 0
4 17614 17612 17033 17035 12154 0
4 17630 17053 16475 17056 12166 0
4 17632 17630 17056 17060 12167 0
4 17332 17308 17614 17634 12168 0
4 17336 17332 17634 17636 12169 0
4 17636 17634 17051 17053 12171 0
4 17634 17614 17035 17051 12172 0
4 17648 17632 17060 17068 12178 0
4 17650 17648 17068 17072 12179 0
4 17654 17653 17072 17073 12180 0
4 17653 17654 17657 17658 12181 0
4 17666 17665 17658 17657 12184 0
4 17666 17670 17668 17665 12185 0
4 17899 17334 17336 17901 12362 0
4 17903 17899 17901 17905 12363 0
4 17328 17326 17899 17903 12365 0
4 17326 16753 17334 17899 12367 0
4 17353 16771 17350 17923 12378 0
4 17357 17353 17923 17925 12379 0
4 17927 17903 17905 17929 12380 0
4 17931 17927 17929 17933 12381 0
4 17348 17328 17903 17927 12383 0
4 17350 17348 17927 17931 12385 0
4 17365 17357 17925 17945 12390 0
4 17368 17365 17945 17947 12391 0
4 17950 17951 17370 17368 12392 0
4 17953 17955 17951 17950 12393 0
4 17961 17963 17955 17953 12396 0
4 17963 17961 17966 17967 12397 0
4 17901 17336 17636 18209 12574 0
4 17905 17901 18209 18211 12575 0
4 18209 17636 17053 17630 12577 0
4 18211 18209 17630 17632 12579 0
4 18227 17650 17072 17653 12590 0
4 18229 18227 17653 17658 12591 0
4 17929 17905 18211 18231 12592 0
4 17933 17929 18231 18233 12593 0
4 18231 18211 17632 17648 12595 0
4 18233 18231 17648 17650 12597 0
4 18247 18245 17665 17668 12602 0
4 18245 18229 17658 17665 12603 0
4 17668 17670 18251 18249 12604 0
4 18249 18251 18255 18253 12605 0
4 18253 18255 18263 18261 12608 0
4 18261 18263 18267 18265 12609 0
4 18496 17931 17933 18498 12786 0
4 18500 18496 18498 18502 12787 0
4 17923 17350 17931 18496 12789 0
4 17925 17923 18496 18500 12791 0
4 17953 17950 18520 18522 12802 0
4 17950 17368 17947 18520 12803 0
4 18524 18500 18502 18526 12804 0
4 18528 18524 18526 18530 12805 0
4 17945 17925 18500 18524 12807 0
4 17947 17945 18524 18528 12809 0
4 17966 17961 18542 18544 12814 0
4 17961 17953 18522 18542 12815 0
4 18547 18548 17967 17966 12816 0
4 18548 18547 18551 18552 12817 0
4 18564 18562 18558 18560 12820 0
4 18552 18551 18562 18564 12821 0
4 18498 17933 18233 18806 12998 0
4 18502 18498 18806 18808 12999 0
4 18806 18233 17650 18227 13001 0
4 18808 18806 18227 18229 13003 0
4 18824 18247 17668 18249 13014 0
4 18826 18824 18249 18253 13015 0
4 18526 18502 18808 18828 13016 0
4 18530 18526 18828 18830 13017 0
4 18830 18828 18245 18247 13018 0
4 18828 18808 18229 18245 13021 0
4 18842 18826 18253 18261 13026 0
4 18844 18842 18261 18265 13027 0
4 18265 18267 18848 18846 13028 0
4 18846 18848 18851 18852 13029 0
4 18852 18851 18860 18858 13032 0
4 18858 18860 18864 18862 13033 0
4 19093 18528 18530 19095 13210 0
4 19097 19093 19095 19099 13211 0
4 18522 18520 19093 19097 13213 0
4 18520 17947 18528 19093 13215 0
4 18547 17966 18544 19117 13226 0
4 18551 18547 19117 19119 13227 0
4 19121 19097 19099 19123 13228 0
4 19125 19121 19123 19127 13229 0
4 18544 18542 19121 19125 13231 0
4 18542 18522 19097 19121 13233 0
4 18562 18551 19119 19139 13238 0
4 18558 18562 19139 19141 13239 0
4 19143 19149 19147 19145 13240 0
4 18560 18558 19145 19147 13241 0
4 19161 19155 19158 19159 13244 0
4 19149 19143 19155 19161 13245 0
4 19095 18530 18830 19403 13422 0
4 19099 19095 19403 19405 13423 0
4 19403 18830 18247 18824 13424 0
4 19405 19403 18824 18826 13426 0
4 19421 18844 18265 18846 13438 0
4 19423 19421 18846 18852 13439 0
4 19123 19099 19405 19425 13440 0
4 19127 19123 19425 19427 13441 0
4 19425 19405 18826 18842 13442 0
4 19427 19425 18842 18844 13444 0
4 19441 19439 18858 18862 13450 0
4 19439 19423 18852 18858 13451 0
4 18862 18864 19445 19443 13452 0
4 19443 19445 19449 19447 13453 0
4 19447 19449 19457 19455 13456 0
4 19455 19457 19461 19459 13457 0
4 19690 19125 19127 19692 13634 0
4 19694 19690 19692 19696 13635 0
4 19117 18544 19125 19690 13637 0
4 19119 19117 19690 19694 13639 0
4 19145 18558 19141 19714 13650 0
4 19143 19145 19714 19716 13651 0
4 19718 19694 19696 19720 13652 0
4 19722 19718 19720 19724 13653 0
4 19139 19119 19694 19718 13655 0
4 19141 19139 19718 19722 13657 0
4 19158 19155 19736 19738 13662 0
4 19155 19143 19716 19736 13663 0
4 19740 19746 19745 19744 13664 0
4 19744 19745 19159 19158 13665 0
4 19746 19740 19753 19754 13668 0
4 19754 19753 19757 19758 13669 0
4 19692 19127 19427 20000 13846 0
4 19696 19692 20000 20002 13847 0
4 20000 19427 18844 19421 13848 0
4 20002 20000 19421 19423 13850 0
4 20018 19441 18862 19443 13862 0
4 20020 20018 19443 19447 13863 0
4 19720 19696 20002 20022 13864 0
4 19724 19720 20022 20024 13865 0
4 20024 20022 19439 19441 13866 0
4 20022 20002 19423 19439 13868 0
4 20036 20020 19447 19455 13874 0
4 20038 20036 19455 19459 13875 0
4 19459 19461 20042 20041 13876 0
4 20041 20042 20046 20045 13877 0
4 20045 20046 20054 20053 13880 0
4 20057 20058 20053 20054 13881 0
4 20287 19722 19724 20289 14058 0
4 20291 20287 20289 20293 14059 0
4 19714 19141 19722 20287 14061 0
4 19716 19714 20287 20291 14063 0
4 19744 19158 19738 20311 14074 0
4 19740 19744 20311 20313 14075 0
4 20315 20291 20293 20317 14076 0
4 20319 20315 20317 20321 14077 0
4 19738 19736 20315 20319 14079 0
4 19736 19716 20291 20315 14081 0
4 19753 19740 20313 20333 14086 0
4 19757 19753 20333 20335 14087 0
4 19758 19757 20338 20339 14088 0
4 20342 20343 20339 20338 14089 0
4 20343 20342 20350 20351 14092 0
4 20351 20350 20353 20355 14093 0
4 20289 19724 20024 20597 14270 0
4 20293 20289 20597 20599 14271 0
4 20597 20024 19441 20018 14272 0
4 20599 20597 20018 20020 14274 0
4 20615 20038 19459 20041 14286 0
4 20617 20615 20041 20045 14287 0
4 20317 20293 20599 20619 14288 0
4 20321 20317 20619 20621 14289 0
4 20619 20599 20020 20036 14290 0
4 20621 20619 20036 20038 14292 0
4 20633 20617 20045 20053 14298 0
4 20635 20633 20053 20058 14299 0
4 20058 20057 20639 20638 14300 0
4 20638 20639 20642 20643 14301 0
4 20643 20642 20651 20649 14304 0
4 20649 20651 20655 20653 14305 0
4 20884 20319 20321 20886 14482 0
4 20888 20884 20886 20890 14483 0
4 20311 19738 20319 20884 14485 0
4 20313 20311 20884 20888 14487 0
4 20338 19757 20335 20908 14498 0
4 20342 20338 20908 20910 14499 0
4 20912 20888 20890 20914 14500 0
4 20916 20912 20914 20918 14501 0
4 20333 20313 20888 20912 14503 0
4 20335 20333 20912 20916 14505 0
4 20350 20342 20910 20930 14510 0
4 20353 20350 20930 20932 14511 0
4 20935 20936 20355 20353 14512 0
4 20936 20935 20939 20940 14513 0
4 20947 20949 20952 20951 14516 0
4 20940 20939 20951 20952 14517 0
4 20886 20321 20621 21194 14694 0
4 20890 20886 21194 21196 14695 0
4 21194 20621 20038 20615 14696 0
4 21196 21194 20615 20617 14699 0
4 21214 21212 20638 20643 14710 0
4 21212 20635 20058 20638 14711 0
4 20914 20890 21196 21216 14712 0
4 20918 20914 21216 21218 14713 0
4 21216 21196 20617 20633 14715 0
4 21218 21216 20633 20635 14717 0
4 21230 21214 20643 20649 14722 0
4 21232 21230 20649 20653 14723 0
4 20653 20655 21236 21234 14724 0
4 21234 21236 21239 21240 14725 0
4 21246 21252 21249 21250 14728 0
4 21252 21246 21240 21239 14729 0
4 21481 20916 20918 21483 14906 0
4 21485 21481 21483 21487 14907 0
4 20908 20335 20916 21481 14909 0
4 20910 20908 21481 21485 14911 0
4 20939 20935 21505 21507 14922 0
4 20935 20353 20932 21505 14923 0
4 21509 21485 21487 21511 14924 0
4 21513 21509 21511 21515 14925 0
4 20930 20910 21485 21509 14927 0
4 20932 20930 21509 21513 14929 0
4 20951 20939 21507 21527 14934 0
4 20947 20951 21527 21529 14935 0
4 21537 21536 21532 21534 14936 0
4 20949 20947 21536 21537 14937 0
4 21544 21545 21534 21532 14940 0
4 21545 21544 21547 21549 14941 0
4 21483 20918 21218 21791 15118 0
4 21487 21483 21791 21793 15119 0
4 21793 21791 21212 21214 15120 0
4 21791 21218 20635 21212 15123 0
4 21809 21232 20653 21234 15134 0
4 21811 21809 21234 21240 15135 0
4 21511 21487 21793 21813 15136 0
4 21515 21511 21813 21815 15137 0
4 21813 21793 21214 21230 15138 0
4 21815 21813 21230 21232 15140 0
4 21829 21827 21246 21250 15146 0
4 21827 21811 21240 21246 15147 0
4 21831 21837 21836 21835 15148 0
4 21250 21249 21837 21831 15149 0
4 21835 21836 21845 21844 15152 0
4 21844 21845 21849 21848 15153 0
4 22078 21513 21515 22080 15330 0
4 22082 22078 22080 22084 15331 0
4 21507 21505 22078 22082 15333 0
4 21505 20932 21513 22078 15335 0
4 21536 20947 21529 22102 15346 0
4 21532 21536 22102 22104 15347 0
4 22106 22082 22084 22108 15348 0
4 22110 22106 22108 22112 15349 0
4 21527 21507 22082 22106 15351 0
4 21529 21527 22106 22110 15353 0
4 21544 21532 22104 22124 15358 0
4 21547 21544 22124 22126 15359 0
4 21549 21547 22129 22130 15360 0
4 22132 22134 22130 22129 15361 0
4 22134 22132 22140 22142 15364 0
4 22142 22140 22144 22146 15365 0
4 22080 21515 21815 22388 15542 0
4 22084 22080 22388 22390 15543 0
4 22388 21815 21232 21809 15544 0
4 22390 22388 21809 21811 15546 0
4 22408 22406 21831 21835 15558 0
4 22406 21829 21250 21831 15559 0
4 22108 22084 22390 22410 15560 0
4 22112 22108 22410 22412 15561 0
4 22412 22410 21827 21829 15562 0
4 22410 22390 21811 21827 15564 0
4 22424 22408 21835 21844 15570 0
4 22426 22424 21844 21848 15571 0
4 22430 22429 21848 21849 15572 0
4 22433 22434 22429 22430 15573 0
4 22434 22433 22442 22441 15576 0
4 22441 22442 22446 22444 15577 0
4 22675 22110 22112 22677 15754 0
4 22679 22675 22677 22681 15755 0
4 22102 21529 22110 22675 15757 0
4 22104 22102 22675 22679 15759 0
4 22132 22129 22699 22701 15770 0
4 22129 21547 22126 22699 15771 0
4 22703 22679 22681 22705 15772 0
4 22707 22703 22705 22709 15773 0
4 22124 22104 22679 22703 15775 0
4 22126 22124 22703 22707 15777 0
4 22140 22132 22701 22721 15782 0
4 22144 22140 22721 22723 15783 0
4 22727 22731 22729 22725 15784 0
4 22146 22144 22725 22729 15785 0
4 22731 22727 22737 22739 15788 0
4 22739 22737 22742 22743 15789 0
4 22677 22112 22412 22985 15966 0
4 22681 22677 22985 22987 15967 0
4 22987 22985 22406 22408 15969 0
4 22985 22412 21829 22406 15970 0
4 23003 22426 21848 22429 15982 0
4 23005 23003 22429 22434 15983 0
4 22705 22681 22987 23007 15984 0
4 22709 22705 23007 23009 15985 0
4 23007 22987 22408 22424 15987 0
4 23009 23007 22424 22426 15989 0
4 23023 23021 22441 22444 15994 0
4 23021 23005 22434 22441 15995 0
4 22444 22446 23027 23025 15996 0
4 23025 23027 23031 23029 15997 0
4 23029 23031 23039 23037 16000 0
4 23037 23039 23043 23041 16001 0
4 23272 22707 22709 23274 16178 0
4 23276 23272 23274 23278 16179 0
4 22701 22699 23272 23276 16181 0
4 22699 22126 22707 23272 16183 0
4 22727 22725 23296 23298 16194 0
4 22725 22144 22723 23296 16195 0
4 23300 23276 23278 23302 16196 0
4 23304 23300 23302 23306 16197 0
4 22721 22701 23276 23300 16199 0
4 22723 22721 23300 23304 16201 0
4 22742 22737 23318 23320 16206 0
4 22737 22727 23298 23318 16207 0
4 23323 23324 22743 22742 16208 0
4 23324 23323 23327 23328 16209 0
4 23334 23336 23328 23327 16212 0
4 23336 23334 23338 23340 16213 0
4 23274 22709 23009 23582 16390 0
4 23278 23274 23582 23584 16391 0
4 23582 23009 22426 23003 16393 0
4 23584 23582 23003 23005 16395 0
4 23600 23023 22444 23025 16406 0
4 23602 23600 23025 23029 16407 0
4 23302 23278 23584 23604 16408 0
4 23306 23302 23604 23606 16409 0
4 23606 23604 23021 23023 16411 0
4 23604 23584 23005 23021 16413 0
4 23618 23602 23029 23037 16418 0
4 23620 23618 23037 23041 16419 0
4 23626 23628 23627 23625 16420 0
4 23041 23043 23628 23626 16421 0
4 23625 23627 23636 23634 16424 0
4 23634 23636 23640 23638 16425 0
4 23869 23304 23306 23871 16602 0
4 23873 23869 23871 23875 16603 0
4 23298 23296 23869 23873 16605 0
4 23296 22723 23304 23869 16607 0
4 23323 22742 23320 23893 16618 0
4 23327 23323 23893 23895 16619 0
4 23897 23873 23875 23899 16620 0
4 23901 23897 23899 23903 16621 0
4 23320 23318 23897 23901 16623 0
4 23318 23298 23873 23897 16625 0
4 23334 23327 23895 23915 16630 0
4 23338 23334 23915 23917 16631 0
4 23923 23921 23919 23925 16632 0
4 23340 23338 23921 23923 16633 0
4 23936 23931 23933 23937 16636 0
4 23925 23919 23931 23936 16637 0
4 23871 23306 23606 24171 16812 0
4 23875 23871 24171 24173 16813 0
4 24171 23606 23023 23600 16815 0
4 24173 24171 23600 23602 16817 0
4 24189 23620 23041 23626 16828 0
4 24191 24189 23626 23625 16829 0
4 23899 23875 24173 24193 16830 0
4 23903 23899 24193 24195 16831 0
4 24193 24173 23602 23618 16833 0
4 24195 24193 23618 23620 16835 0
4 24207 24191 23625 23634 16840 0
4 24209 24207 23634 23638 16841 0
4 23638 23640 24213 24212 16842 0
4 24212 24213 24217 24216 16843 0
4 24216 24217 24225 24223 16846 0
4 24223 24225 24229 24227 16847 0
4 24450 23901 23903 24452 17022 0
4 24454 24450 24452 24456 17023 0
4 23893 23320 23901 24450 17025 0
4 23895 23893 24450 24454 17027 0
4 23921 23338 23917 24474 17038 0
4 23919 23921 24474 24476 17039 0
4 24478 24454 24456 24480 17040 0
4 24482 24478 24480 24484 17041 0
4 23915 23895 24454 24478 17043 0
4 23917 23915 24478 24482 17045 0
4 23931 23919 24476 24496 17050 0
4 23933 23931 24496 24498 17051 0
4 24501 24502 23937 23933 17052 0
4 24504 24506 24502 24501 17053 0
4 24513 24514 24506 24504 17056 0
4 24514 24513 24517 24518 17057 0
4 24452 23903 24195 24744 17228 0
4 24456 24452 24744 24746 17229 0
4 24744 24195 23620 24189 17231 0
4 24746 24744 24189 24191 17233 0
4 24762 24764 24212 24216 17244 0
4 24764 24209 23638 24212 17245 0
4 24480 24456 24746 24766 17246 0
4 24484 24480 24766 24768 17247 0
4 24766 24746 24191 24207 17249 0
4 24768 24766 24207 24209 17251 0
4 24780 24762 24216 24223 17256 0
4 24782 24780 24223 24227 17257 0
4 24227 24229 24786 24784 17258 0
4 24784 24786 24790 24788 17259 0
4 24788 24790 24798 24796 17262 0
4 24796 24798 24801 24802 17263 0
4 25015 24482 24484 25017 17434 0
4 25019 25015 25017 25021 17435 0
4 24474 23917 24482 25015 17437 0
4 24476 24474 25015 25019 17439 0
4 24504 24501 25039 25041 17450 0
4 24501 23933 24498 25039 17451 0
4 25043 25019 25021 25045 17452 0
4 25047 25043 25045 25049 17453 0
4 24496 24476 25019 25043 17455 0
4 24498 24496 25043 25047 17457 0
4 24513 24504 25041 25061 17462 0
4 24517 24513 25061 25063 17463 0
4 25065 25067 24518 24517 17464 0
4 25069 25071 25067 25065 17465 0
4 25071 25069 25077 25079 17468 0
4 25079 25077 25081 25083 17469 0
4 25017 24484 24768 25303 17634 0
4 25021 25017 25303 25305 17635 0
4 25305 25303 24764 24762 17637 0
4 25303 24768 24209 24764 17639 0
4 25321 24782 24227 24784 17650 0
4 25323 25321 24784 24788 17651 0
4 25045 25021 25305 25325 17652 0
4 25049 25045 25325 25327 17653 0
4 25325 25305 24762 24780 17655 0
4 25327 25325 24780 24782 17656 0
4 25339 25323 24788 24796 17662 0
4 25341 25339 24796 24802 17663 0
4 25343 25349 25348 25345 17664 0
4 24802 24801 25349 25343 17665 0
4 25359 25361 25360 25358 17668 0
4 25345 25348 25361 25359 17669 0
4 25572 25047 25049 25574 17834 0
4 25576 25572 25574 25578 17835 0
4 25041 25039 25572 25576 17837 0
4 25039 24498 25047 25572 17839 0
4 25065 24517 25063 25596 17850 0
4 25069 25065 25596 25598 17851 0
4 25600 25576 25578 25602 17852 0
4 25604 25600 25602 25606 17853 0
4 25061 25041 25576 25600 17855 0
4 25063 25061 25600 25604 17857 0
4 25077 25069 25598 25618 17862 0
4 25081 25077 25618 25620 17863 0
4 25622 25624 25083 25081 17864 0
4 25624 25622 25626 25628 17865 0
4 25635 25636 25628 25626 17868 0
4 25639 25640 25636 25635 17869 0
4 25574 25049 25327 25874 18034 0
4 25578 25574 25874 25876 18035 0
4 25874 25327 24782 25321 18036 0
4 25876 25874 25321 25323 18038 0
4 25894 25892 25343 25345 18050 0
4 25892 25341 24802 25343 18051 0
4 25602 25578 25876 25896 18052 0
4 25606 25602 25896 25898 18053 0
4 25896 25876 25323 25339 18054 0
4 25898 25896 25339 25341 18056 0
4 25910 25912 25359 25358 18062 0
4 25912 25894 25345 25359 18063 0
4 25358 25360 25916 25914 18064 0
4 25914 25916 25920 25918 18065 0
4 25918 25920 25928 25927 18068 0
4 25927 25928 25932 25931 18069 0
4 26159 25604 25606 26161 18234 0
4 26163 26159 26161 26165 18235 0
4 25596 25063 25604 26159 18237 0
4 25598 25596 26159 26163 18239 0
4 25626 25622 26183 26185 18250 0
4 25622 25081 25620 26183 18251 0
4 26187 26163 26165 26189 18252 0
4 26191 26187 26189 26193 18253 0
4 25618 25598 26163 26187 18255 0
4 25620 25618 26187 26191 18257 0
4 25635 25626 26185 26205 18262 0
4 25639 25635 26205 26207 18263 0
4 25640 25639 26210 26211 18264 0
4 26211 26210 26214 26215 18265 0
4 26215 26214 26222 26223 18268 0
4 26223 26222 26225 26227 18269 0
4 26161 25606 25898 26463 18436 0
4 26165 26161 26463 26465 18437 0
4 26465 26463 25892 25894 18439 0
4 26463 25898 25341 25892 18440 0
4 26481 25910 25358 25914 18452 0
4 26483 26481 25914 25918 18453 0
4 26189 26165 26465 26485 18454 0
4 26193 26189 26485 26487 18455 0
4 26487 26485 25912 25910 18457 0
4 26485 26465 25894 25912 18459 0
4 26499 26483 25918 25927 18464 0
4 26501 26499 25927 25931 18465 0
4 26506 26509 26508 26503 18466 0
4 25931 25932 26509 26506 18467 0
4 26519 26521 26520 26518 18470 0
4 26503 26508 26521 26519 18471 0
4 26748 26191 26193 26750 18638 0
4 26752 26748 26750 26754 18639 0
4 26185 26183 26748 26752 18641 0
4 26183 25620 26191 26748 18643 0
4 26210 25639 26207 26772 18654 0
4 26214 26210 26772 26774 18655 0
4 26776 26752 26754 26778 18656 0
4 26780 26776 26778 26782 18657 0
4 26205 26185 26752 26776 18659 0
4 26207 26205 26776 26780 18661 0
4 26222 26214 26774 26794 18666 0
4 26225 26222 26794 26796 18667 0
4 26799 26800 26227 26225 18668 0
4 26800 26799 26803 26804 18669 0
4 26815 26814 26810 26816 18672 0
4 26814 26815 26804 26803 18673 0
4 26750 26193 26487 27067 18851 0
4 26754 26750 27067 27069 18852 0
4 27067 26487 25910 26481 18854 0
4 27069 27067 26481 26483 18856 0
4 27085 27087 26506 26503 18867 0
4 27087 26501 25931 26506 18868 0
4 26778 26754 27069 27089 18869 0
4 26782 26778 27089 27091 18870 0
4 27089 27069 26483 26499 18872 0
4 27091 27089 26499 26501 18874 0
4 27103 27105 26519 26518 18879 0
4 27105 27085 26503 26519 18880 0
4 27110 27113 27112 27107 18881 0
4 26518 26520 27113 27110 18882 0
4 27107 27112 27121 27120 18885 0
4 27120 27121 27125 27124 18886 0
4 27358 26780 26782 27360 19064 0
4 27362 27358 27360 27364 19065 0
4 26772 26207 26780 27358 19067 0
4 26774 26772 27358 27362 19069 0
4 26803 26799 27382 27384 19080 0
4 26799 26225 26796 27382 19081 0
4 27386 27362 27364 27388 19082 0
4 27390 27386 27388 27392 19083 0
4 26794 26774 27362 27386 19085 0
4 26796 26794 27386 27390 19087 0
4 26814 26803 27384 27404 19092 0
4 26810 26814 27404 27406 19093 0
4 27409 27410 26816 26810 19094 0
4 27410 27409 27412 27414 19095 0
4 27414 27412 27421 27422 19098 0
4 27422 27421 27425 27426 19099 0
4 27360 26782 27091 27674 19282 0
4 27364 27360 27674 27676 19283 0
4 27676 27674 27087 27085 19285 0
4 27674 27091 26501 27087 19287 0
4 27692 27103 26518 27110 19298 0
4 27694 27692 27110 27107 19299 0
4 27388 27364 27676 27696 19300 0
4 27392 27388 27696 27698 19301 0
4 27698 27696 27105 27103 19303 0
4 27696 27676 27085 27105 19305 0
4 27710 27694 27107 27120 19310 0
4 27712 27710 27120 27124 19311 0
4 27717 27720 27719 27714 19312 0
4 27124 27125 27720 27717 19313 0
4 27714 27719 27728 27727 19316 0
4 27727 27728 27732 27731 19317 0
4 27965 27390 27392 27967 19500 0
4 27969 27965 27967 27971 19501 0
4 27384 27382 27965 27969 19503 0
4 27382 26796 27390 27965 19505 0
4 27412 27409 27989 27991 19516 0
4 27409 26810 27406 27989 19517 0
4 27993 27969 27971 27995 19518 0
4 27997 27993 27995 27999 19519 0
4 27404 27384 27969 27993 19521 0
4 27406 27404 27993 27997 19523 0
4 27421 27412 27991 28011 19528 0
4 27425 27421 28011 28013 19529 0
4 28016 28017 27426 27425 19530 0
4 28020 28021 28017 28016 19531 0
4 28027 28033 28032 28031 19534 0
4 28021 28020 28031 28032 19535 0
4 27967 27392 27698 28281 19723 0
4 27971 27967 28281 28283 19724 0
4 28281 27698 27103 27692 19726 0
4 28283 28281 27692 27694 19728 0
4 28299 27712 27124 27717 19739 0
4 28301 28299 27717 27714 19740 0
4 27995 27971 28283 28303 19741 0
4 27999 27995 28303 28305 19742 0
4 28303 28283 27694 27710 19744 0
4 28305 28303 27710 27712 19746 0
4 28317 28319 27727 27731 19751 0
4 28319 28301 27714 27727 19752 0
4 27731 27732 28323 28321 19753 0
4 28321 28323 28327 28325 19754 0
4 28325 28327 28335 28333 19757 0
4 28333 28335 28339 28337 19758 0
4 28572 27997 27999 28574 19946 0
4 28576 28572 28574 28578 19947 0
4 27991 27989 28572 28576 19949 0
4 27989 27406 27997 28572 19951 0
4 28016 27425 28013 28596 19962 0
4 28020 28016 28596 28598 19963 0
4 28600 28576 28578 28602 19964 0
4 28604 28600 28602 28606 19965 0
4 28011 27991 28576 28600 19967 0
4 28013 28011 28600 28604 19969 0
4 28031 28020 28598 28618 19974 0
4 28027 28031 28618 28620 19975 0
4 28625 28628 28627 28623 19976 0
4 28623 28627 28033 28027 19977 0
4 28628 28625 28635 28636 19980 0
4 28636 28635 28639 28640 19981 0
4 28574 27999 28305 28874 20158 0
4 28578 28574 28874 28876 20159 0
4 28874 28305 27712 28299 20161 0
4 28876 28874 28299 28301 20163 0
4 28892 28317 27731 28321 20174 0
4 28894 28892 28321 28325 20175 0
4 28602 28578 28876 28896 20176 0
4 28606 28602 28896 28898 20177 0
4 28898 28896 28319 28317 20179 0
4 28896 28876 28301 28319 20181 0
4 28910 28894 28325 28333 20186 0
4 28912 28910 28333 28337 20187 0
4 28337 28339 28916 28914 20188 0
4 28914 28916 28920 28918 20189 0
4 28918 28920 28928 28926 20192 0
4 28926 28928 28931 28932 20193 0
4 29153 28604 28606 29155 20370 0
4 29157 29153 29155 29159 20371 0
4 28596 28013 28604 29153 20373 0
4 28598 28596 29153 29157 20375 0
4 28625 28623 29177 29179 20386 0
4 28623 28027 28620 29177 20387 0
4 29181 29157 29159 29183 20388 0
4 29185 29181 29183 29187 20389 0
4 28618 28598 29157 29181 20391 0
4 28620 28618 29181 29185 20393 0
4 28635 28625 29179 29199 20398 0
4 28639 28635 29199 29201 20399 0
4 29204 29205 28640 28639 20400 0
4 29208 29209 29205 29204 20401 0
4 29209 29208 29216 29217 20404 0
4 29217 29216 29219 29221 20405 0
4 29155 28606 28898 29449 20576 0
4 29159 29155 29449 29451 20577 0
4 29449 28898 28317 28892 20579 0
4 29451 29449 28892 28894 20581 0
4 29467 28912 28337 28914 20592 0
4 29469 29467 28914 28918 20593 0
4 29183 29159 29451 29471 20594 0
4 29187 29183 29471 29473 20595 0
4 29471 29451 28894 28910 20597 0
4 29473 29471 28910 28912 20598 0
4 29485 29469 28918 28926 20604 0
4 29487 29485 28926 28932 20605 0
4 29489 29495 29494 29491 20606 0
4 28932 28931 29495 29489 20607 0
4 29505 29507 29506 29504 20610 0
4 29491 29494 29507 29505 20611 0
4 29726 29185 29187 29728 20782 0
4 29730 29726 29728 29732 20783 0
4 29179 29177 29726 29730 20785 0
4 29177 28620 29185 29726 20787 0
4 29204 28639 29201 29750 20798 0
4 29208 29204 29750 29752 20799 0
4 29754 29730 29732 29756 20800 0
4 29758 29754 29756 29760 20801 0
4 29199 29179 29730 29754 20803 0
4 29201 29199 29754 29758 20805 0
4 29216 29208 29752 29772 20810 0
4 29219 29216 29772 29774 20811 0
4 29777 29778 29221 29219 20812 0
4 29778 29777 29780 29782 20813 0
4 29782 29780 29789 29790 20816 0
4 29790 29789 29793 29794 20817 0
4 29728 29187 29473 30012 20978 0
4 29732 29728 30012 30014 20979 0
4 30012 29473 28912 29467 20980 0
4 30014 30012 29467 29469 20982 0
4 30032 30030 29489 29491 20994 0
4 30030 29487 28932 29489 20995 0
4 29756 29732 30014 30034 20996 0
4 29760 29756 30034 30036 20997 0
4 30034 30014 29469 29485 20998 0
4 30036 30034 29485 29487 21000 0
4 30048 30050 29505 29504 21006 0
4 30050 30032 29491 29505 21007 0
4 29504 29506 30054 30052 21008 0
4 30052 30054 30058 30056 21009 0
4 30056 30058 30066 30064 21012 0
4 30064 30066 30070 30068 21013 0
4 30281 29758 29760 30283 21174 0
4 30285 30281 30283 30287 21175 0
4 29750 29201 29758 30281 21177 0
4 29752 29750 30281 30285 21179 0
4 29780 29777 30305 30307 21190 0
4 29777 29219 29774 30305 21191 0
4 30309 30285 30287 30311 21192 0
4 30313 30309 30311 30315 21193 0
4 29772 29752 30285 30309 21195 0
4 29774 29772 30309 30313 21197 0
4 29789 29780 30307 30327 21202 0
4 29793 29789 30327 30329 21203 0
4 29794 29793 30332 30333 21204 0
4 30336 30337 30333 30332 21205 0
4 30337 30336 30344 30345 21208 0
4 30345 30344 30347 30349 21209 0
4 30283 29760 30036 30588 21374 0
4 30287 30283 30588 30590 21375 0
4 30590 30588 30030 30032 21377 0
4 30588 30036 29487 30030 21378 0
4 30606 30048 29504 30052 21390 0
4 30608 30606 30052 30056 21391 0
4 30311 30287 30590 30610 21392 0
4 30315 30311 30610 30612 21393 0
4 30612 30610 30050 30048 21395 0
4 30610 30590 30032 30050 21397 0
4 30624 30608 30056 30064 21402 0
4 30626 30624 30064 30068 21403 0
4 30632 30634 30629 30630 21404 0
4 30068 30070 30634 30632 21405 0
4 30640 30646 30645 30644 21408 0
4 30630 30629 30646 30640 21409 0
4 30875 30313 30315 30877 21574 0
4 30879 30875 30877 30881 21575 0
4 30307 30305 30875 30879 21577 0
4 30305 29774 30313 30875 21579 0
4 30332 29793 30329 30899 21590 0
4 30336 30332 30899 30901 21591 0
4 30903 30879 30881 30905 21592 0
4 30907 30903 30905 30909 21593 0
4 30327 30307 30879 30903 21595 0
4 30329 30327 30903 30907 21596 0
4 30344 30336 30901 30921 21602 0
4 30347 30344 30921 30923 21603 0
4 30930 30926 30928 30931 21604 0
4 30926 30930 30349 30347 21605 0
4 30943 30942 30938 30940 21608 0
4 30942 30943 30931 30928 21609 0
4 30877 30315 30612 31178 21776 0
4 30881 30877 31178 31180 21777 0
4 31178 30612 30048 30606 21779 0
4 31180 31178 30606 30608 21780 0
4 31196 30626 30068 30632 21792 0
4 31198 31196 30632 30630 21793 0
4 30905 30881 31180 31200 21794 0
4 30909 30905 31200 31202 21795 0
4 31200 31180 30608 30624 21796 0
4 31202 31200 30624 30626 21798 0
4 31216 31214 30640 30644 21804 0
4 31214 31198 30630 30640 21805 0
4 30644 30645 31220 31218 21806 0
4 31218 31220 31224 31222 21807 0
4 31234 31236 31235 31233 21810 0
4 31222 31224 31236 31234 21811 0
4 31462 30907 30909 31464 21978 0
4 31466 31462 31464 31468 21979 0
4 30899 30329 30907 31462 21980 0
4 30901 30899 31462 31466 21983 0
4 30928 30926 31486 31488 21994 0
4 30926 30347 30923 31486 21995 0
4 31490 31466 31468 31492 21996 0
4 31494 31490 31492 31496 21997 0
4 30921 30901 31466 31490 21999 0
4 30923 30921 31490 31494 22001 0
4 30942 30928 31488 31508 22006 0
4 30938 30942 31508 31510 22007 0
4 30940 30938 31513 31514 22008 0
4 31514 31513 31517 31518 22009 0
4 31464 30909 31202 31778 22191 0
4 31468 31464 31778 31780 22192 0
4 31778 31202 30626 31196 22193 0
4 31780 31778 31196 31198 22195 0
4 31796 31216 30644 31218 22207 0
4 31798 31796 31218 31222 22208 0
4 31492 31468 31780 31800 22209 0
4 31496 31492 31800 31802 22210 0
4 31802 31800 31214 31216 22212 0
4 31800 31780 31198 31214 22213 0
4 31814 31816 31234 31233 22219 0
4 31816 31798 31222 31234 22220 0
4 31233 31235 31820 31818 22221 0
4 31818 31820 31824 31822 22222 0
4 32065 31494 31496 32067 22404 0
4 32069 32065 32067 32071 22405 0
4 31488 31486 32065 32069 22407 0
4 31486 30923 31494 32065 22409 0
4 31513 30938 31510 32089 22420 0
4 31517 31513 32089 32091 22421 0
4 32093 32069 32071 32095 22422 0
4 32097 32093 32095 32099 22423 0
4 31508 31488 32069 32093 22425 0
4 31510 31508 32093 32097 22427 0
4 32104 32105 31518 31517 22428 0
4 32105 32104 32108 32109 22429 0
4 31822 31824 32299 32298 22550 0
4 32298 32299 32303 32302 22551 0
4 32067 31496 31802 32377 22621 0
4 32071 32067 32377 32379 22622 0
4 32377 31802 31216 31796 22624 0
4 32379 32377 31796 31798 22626 0
4 32395 31814 31233 31818 22637 0
4 32397 32395 31818 31822 22638 0
4 32095 32071 32379 32399 22639 0
4 32099 32095 32399 32401 22640 0
4 32401 32399 31816 31814 22642 0
4 32399 32379 31798 31816 22644 0
4 32104 31517 32091 32648 22834 0
4 32108 32104 32648 32650 22835 0
4 32652 32097 32099 32654 22836 0
4 32656 32652 32654 32658 22837 0
4 32089 31510 32097 32652 22839 0
4 32091 32089 32652 32656 22841 0
4 32109 32108 32669 32670 22848 0
4 32673 32674 32670 32669 22849 0
4 32674 32673 32875 32876 22979 0
4 32878 32880 32876 32875 22980 0
4 32882 32397 31822 32298 22981 0
4 32884 32882 32298 32302 22982 0
4 32302 32303 32888 32886 22983 0
4 32886 32888 32892 32890 22984 0
4 32654 32099 32401 32970 23056 0
4 32658 32654 32970 32972 23057 0
4 32970 32401 31814 32395 23059 0
4 32972 32970 32395 32397 23061 0
4 32669 32108 32650 33209 23246 0
4 32673 32669 33209 33211 23247 0
4 33213 32656 32658 33215 23248 0
4 33217 33213 33215 33219 23249 0
4 32648 32091 32656 33213 23251 0
4 32650 32648 33213 33217 23253 0
4 32890 32892 33431 33429 23389 0
4 33429 33431 33435 33433 23390 0
4 32875 32673 33211 33439 23392 0
4 32880 32878 33444 33445 23394 0
4 32878 32875 33439 33447 23395 0
4 33449 33451 33445 33444 23396 0
4 33453 32884 32302 32886 23397 0
4 33455 33453 32886 32890 23398 0
4 33215 32658 32972 33457 23399 0
4 33219 33215 33457 33459 23400 0
4 33457 32972 32397 32882 23402 0
4 33459 33457 32882 32884 23404 0
4 33737 33217 33219 33739 23627 0
4 33741 33737 33739 33743 23628 0
4 33209 32650 33217 33737 23630 0
4 33211 33209 33737 33741 23632 0
4 33958 33455 32890 33429 23772 0
4 33960 33958 33429 33433 23773 0
4 33433 33435 33966 33964 23775 0
4 33969 33970 33964 33966 23776 0
4 33972 33741 33743 33974 23777 0
4 33439 33211 33741 33972 23780 0
4 33979 33972 33974 33981 23781 0
4 33444 32878 33447 33988 23785 0
4 33447 33439 33972 33979 23786 0
4 33451 33449 33993 33994 23788 0
4 33449 33444 33988 33996 23789 0
4 33994 33993 33998 34000 23790 0
4 33739 33219 33459 34002 23791 0
4 33743 33739 34002 34004 23792 0
4 34002 33459 32884 33453 23794 0
4 34004 34002 33453 33455 23796 0
4 33974 33743 34004 34461 24134 0
4 34461 34004 33455 33958 24137 0
4 33981 33974 34461 34466 24138 0
4 34466 34461 33958 33960 24139 0
4 34469 33960 33433 33964 24141 0
4 34475 34469 33964 33970 24144 0
4 34479 34477 33970 33969 24145 0
4 34477 34479 34484 34485 24147 0
4 34494 33979 33981 34496 24153 0
4 33988 33447 33979 34494 24158 0
4 34504 34494 34496 34506 24160 0
4 33993 33449 33996 34513 24164 0
4 33996 33988 34494 34504 24165 0
4 33998 33993 34513 34517 24167 0
4 34000 33998 34519 34521 24168 0
4 34523 34525 34521 34519 24169 0
4 34496 33981 34466 34949 24485 0
4 34949 34466 33960 34469 24488 0
4 34506 34496 34949 34957 24492 0
4 34957 34949 34469 34475 24493 0
4 34959 34475 33970 34477 24494 0
4 34966 34959 34477 34485 24498 0
4 34485 34484 34970 34968 24499 0
4 34968 34970 34976 34974 24501 0
4 34993 34504 34506 34995 24515 0
4 34513 33996 34504 34993 24520 0
4 35003 34993 34995 35005 24522 0
4 34517 34513 34993 35003 24526 0
4 34519 33998 34517 35012 24527 0
4 34525 34523 35016 35018 24529 0
4 34523 34519 35012 35020 24530 0
4 35018 35016 35022 35024 24531 0
4 34995 34506 34957 35430 24831 0
4 35430 34957 34475 34959 24833 0
4 35005 34995 35430 35438 24838 0
4 35438 35430 34959 34966 24839 0
4 35440 34966 34485 34968 24840 0
4 35447 35440 34968 34974 24844 0
4 34974 34976 35453 35451 24846 0
4 35451 35453 35457 35455 24847 0
4 35477 35003 35005 35479 24863 0
4 35012 34517 35003 35477 24870 0
4 35489 35477 35479 35491 24871 0
4 35016 34523 35020 35498 24875 0
4 35020 35012 35477 35489 24876 0
4 35024 35022 35502 35504 24878 0
4 35022 35016 35498 35506 24879 0
4 35504 35502 35509 35510 24880 0
4 35479 35005 35438 35929 25176 0
4 35929 35438 34966 35440 25179 0
4 35491 35479 35929 35939 25184 0
4 35939 35929 35440 35447 25185 0
4 35942 35447 34974 35451 25187 0
4 35948 35942 35451 35455 25190 0
4 35455 35457 35954 35952 25192 0
4 35952 35954 35957 35958 25193 0
4 35976 35489 35491 35978 25209 0
4 35498 35020 35489 35976 25215 0
4 35988 35976 35978 35990 25217 0
4 35502 35022 35506 35997 25221 0
4 35506 35498 35976 35988 25222 0
4 35509 35502 35997 35999 25223 0
4 35510 35509 36002 36003 25224 0
4 36003 36002 36008 36009 25226 0
4 35978 35491 35939 36462 25531 0
4 36462 35939 35447 35942 25535 0
4 35990 35978 36462 36472 25539 0
4 36472 36462 35942 35948 25540 0
4 36475 35948 35455 35952 25542 0
4 36481 36475 35952 35958 25545 0
4 35958 35957 36485 36483 25546 0
4 36483 36485 36491 36490 25548 0
4 36508 35988 35990 36510 25565 0
4 35997 35506 35988 36508 25570 0
4 36516 36508 36510 36518 25572 0
4 35999 35997 36508 36516 25573 0
4 36002 35509 35999 36520 25574 0
4 36008 36002 36520 36529 25579 0
4 36009 36008 36532 36533 25580 0
4 36536 36537 36533 36532 25581 0
4 36510 35990 36472 37024 25902 0
4 37024 36472 35948 36475 25905 0
4 36518 36510 37024 37030 25909 0
4 37030 37024 36475 36481 25910 0
4 37032 36481 35958 36483 25911 0
4 37041 37032 36483 36490 25916 0
4 36490 36491 37045 37043 25917 0
4 37043 37045 37049 37047 25918 0
4 37064 36516 36518 37066 25934 0
4 36520 35999 36516 37064 25937 0
4 37074 37064 37066 37076 25942 0
4 36529 36520 37064 37074 25946 0
4 36532 36008 36529 37083 25947 0
4 36536 36532 37083 37087 25949 0
4 37090 37091 36537 36536 25950 0
4 37091 37090 37094 37095 25951 0
4 37066 36518 37030 37594 26289 0
4 37594 37030 36481 37032 26292 0
4 37076 37066 37594 37602 26297 0
4 37602 37594 37032 37041 26301 0
4 37609 37041 36490 37043 26302 0
4 37613 37609 37043 37047 26304 0
4 37047 37049 37617 37616 26305 0
4 37616 37617 37621 37620 26306 0
4 37636 37074 37076 37638 26322 0
4 37083 36529 37074 37636 26329 0
4 37646 37636 37638 37648 26330 0
4 37087 37083 37636 37646 26334 0
4 37090 36536 37087 37655 26335 0
4 37094 37090 37655 37659 26337 0
4 37662 37663 37095 37094 26338 0
4 37663 37662 37666 37667 26339 0
4 37638 37076 37602 38161 26690 0
4 38161 37602 37041 37609 26697 0
4 37648 37638 38161 38169 26698 0
4 38169 38161 37609 37613 26702 0
4 38176 37613 37047 37616 26703 0
4 38180 38176 37616 37620 26705 0
4 37620 37621 38184 38182 26706 0
4 38182 38184 38188 38186 26707 0
4 38203 37646 37648 38205 26723 0
4 37655 37087 37646 38203 26730 0
4 38213 38203 38205 38215 26731 0
4 37659 37655 38203 38213 26735 0
4 37662 37094 37659 38222 26736 0
4 37666 37662 38222 38226 26738 0
4 38229 38230 37667 37666 26739 0
4 38230 38229 38233 38234 26740 0
4 38205 37648 38169 38700 27089 0
4 38700 38169 37613 38176 27096 0
4 38215 38205 38700 38708 27097 0
4 38708 38700 38176 38180 27101 0
4 38715 38180 37620 38182 27102 0
4 38719 38715 38182 38186 27104 0
4 38186 38188 38723 38721 27105 0
4 38721 38723 38727 38725 27106 0
4 38742 38213 38215 38744 27122 0
4 38222 37659 38213 38742 27129 0
4 38752 38742 38744 38754 27130 0
4 38226 38222 38742 38752 27134 0
4 38229 37666 38226 38761 27135 0
4 38233 38229 38761 38765 27137 0
4 38768 38769 38234 38233 27138 0
4 38771 38773 38769 38768 27139 0
4 38744 38215 38708 39199 27470 0
4 39199 38708 38180 38715 27477 0
4 38754 38744 39199 39207 27478 0
4 39207 39199 38715 38719 27482 0
4 39214 38719 38186 38721 27483 0
4 39216 39214 38721 38725 27484 0
4 38725 38727 39222 39220 27486 0
4 39220 39222 39225 39226 27487 0
4 39241 38752 38754 39243 27503 0
4 38761 38226 38752 39241 27510 0
4 39251 39241 39243 39253 27511 0
4 38765 38761 39241 39251 27515 0
4 38768 38233 38765 39260 27516 0
4 38773 38771 39265 39266 27518 0
4 38771 38768 39260 39268 27519 0
4 39270 39272 39266 39265 27520 0
4 39243 38754 39207 39650 27813 0
4 39650 39207 38719 39214 27820 0
4 39253 39243 39650 39658 27821 0
4 39658 39650 39214 39216 27822 0
4 39661 39216 38725 39220 27824 0
4 39667 39661 39220 39226 27827 0
4 39226 39225 39671 39669 27828 0
4 39669 39671 39677 39676 27830 0
4 39692 39251 39253 39694 27846 0
4 39260 38765 39251 39692 27853 0
4 39702 39692 39694 39704 27854 0
4 39265 38771 39268 39711 27858 0
4 39268 39260 39692 39702 27859 0
4 39716 39717 39272 39270 27861 0
4 39270 39265 39711 39719 27862 0
4 39717 39716 39722 39723 27863 0
4 39694 39253 39658 40052 28119 0
4 40052 39658 39216 39661 28123 0
4 39704 39694 40052 40060 28127 0
4 40060 40052 39661 39667 28128 0
4 40062 39667 39226 39669 28129 0
4 40071 40062 39669 39676 28134 0
4 39676 39677 40075 40073 28135 0
4 40073 40075 40079 40077 28136 0
4 40094 39702 39704 40096 28152 0
4 39711 39268 39702 40094 28158 0
4 40104 40094 40096 40106 28160 0
4 39716 39270 39719 40113 28164 0
4 39719 39711 40094 40104 28165 0
4 39722 39716 40113 40117 28167 0
4 40120 40121 39723 39722 28168 0
4 40121 40120 40123 40125 28169 0
4 40096 39704 40060 40414 28391 0
4 40414 40060 39667 40062 28394 0
4 40106 40096 40414 40422 28399 0
4 40422 40414 40062 40071 28403 0
4 40429 40071 39676 40073 28404 0
4 40433 40429 40073 40077 28406 0
4 40077 40079 40437 40436 28407 0
4 40436 40437 40441 40440 28408 0
4 40456 40104 40106 40458 28424 0
4 40113 39719 40104 40456 28430 0
4 40466 40456 40458 40468 28432 0
4 40117 40113 40456 40466 28436 0
4 40120 39722 40117 40475 28437 0
4 40480 40481 40125 40123 28439 0
4 40123 40120 40475 40483 28440 0
4 40481 40480 40486 40487 28441 0
4 40458 40106 40422 40752 28636 0
4 40752 40422 40071 40429 28643 0
4 40468 40458 40752 40760 28644 0
4 40760 40752 40429 40433 28648 0
4 40767 40433 40077 40436 28649 0
4 40771 40767 40436 40440 28651 0
4 40440 40441 40775 40773 28652 0
4 40779 40777 40773 40775 28653 0
4 40794 40466 40468 40796 28669 0
4 40475 40117 40466 40794 28676 0
4 40804 40794 40796 40806 28677 0
4 40480 40123 40483 40813 28681 0
4 40483 40475 40794 40804 28682 0
4 40486 40480 40813 40817 28684 0
4 40487 40486 40820 40821 28685 0
4 40821 40820 40824 40825 28686 0
4 40796 40468 40760 41077 28872 0
4 41077 40760 40433 40767 28879 0
4 40806 40796 41077 41085 28880 0
4 41085 41077 40767 40771 28884 0
4 41092 40771 40440 40773 28885 0
4 41096 41092 40773 40777 28887 0
4 40777 40779 41100 41099 28888 0
4 41099 41100 41104 41103 28889 0
4 41119 40804 40806 41121 28905 0
4 40813 40483 40804 41119 28911 0
4 41129 41119 41121 41131 28913 0
4 40817 40813 41119 41129 28917 0
4 40820 40486 40817 41138 28918 0
4 40824 40820 41138 41142 28920 0
4 40825 40824 41145 41146 28921 0
4 41148 41150 41146 41145 28922 0
4 41121 40806 41085 41396 29100 0
4 41396 41085 40771 41092 29107 0
4 41131 41121 41396 41404 29108 0
4 41404 41396 41092 41096 29112 0
4 41411 41096 40777 41099 29113 0
4 41415 41411 41099 41103 29115 0
4 41103 41104 41419 41417 29116 0
4 41417 41419 41423 41421 29117 0
4 41438 41129 41131 41440 29133 0
4 41138 40817 41129 41438 29140 0
4 41448 41438 41440 41450 29141 0
4 41142 41138 41438 41448 29145 0
4 41145 40824 41142 41457 29146 0
4 41150 41148 41462 41463 29148 0
4 41148 41145 41457 41465 29149 0
4 41468 41469 41463 41462 29150 0
4 41440 41131 41404 41706 29320 0
4 41706 41404 41096 41411 29327 0
4 41450 41440 41706 41714 29328 0
4 41714 41706 41411 41415 29332 0
4 41721 41415 41103 41417 29333 0
4 41725 41721 41417 41421 29335 0
4 41421 41423 41729 41728 29336 0
4 41728 41729 41733 41732 29337 0
4 41748 41448 41450 41750 29353 0
4 41457 41142 41448 41748 29360 0
4 41758 41748 41750 41760 29361 0
4 41462 41148 41465 41767 29365 0
4 41465 41457 41748 41758 29366 0
4 41468 41462 41767 41771 29368 0
4 41469 41468 41774 41775 29369 0
4 41775 41774 41778 41779 29370 0
4 41750 41450 41714 42003 29532 0
4 42003 41714 41415 41721 29539 0
4 41760 41750 42003 42011 29540 0
4 42011 42003 41721 41725 29544 0
4 42018 41725 41421 41728 29545 0
4 42022 42018 41728 41732 29547 0
4 41732 41733 42026 42024 29548 0
4 42024 42026 42030 42028 29549 0
4 42045 41758 41760 42047 29565 0
4 41767 41465 41758 42045 29571 0
4 42055 42045 42047 42057 29573 0
4 41771 41767 42045 42055 29577 0
4 41774 41468 41771 42064 29578 0
4 41778 41774 42064 42068 29580 0
4 41779 41778 42071 42072 29581 0
4 42072 42071 42074 42076 29582 0
4 42047 41760 42011 42295 29737 0
4 42295 42011 41725 42018 29744 0
4 42057 42047 42295 42303 29745 0
4 42303 42295 42018 42022 29749 0
4 42310 42022 41732 42024 29750 0
4 42314 42310 42024 42028 29752 0
4 42028 42030 42318 42317 29753 0
4 42317 42318 42322 42321 29754 0
4 42337 42055 42057 42339 29770 0
4 42064 41771 42055 42337 29777 0
4 42347 42337 42339 42349 29778 0
4 42068 42064 42337 42347 29782 0
4 42071 41778 42068 42356 29783 0
4 42076 42074 42361 42362 29785 0
4 42074 42071 42356 42364 29786 0
4 42362 42361 42366 42368 29787 0
4 42339 42057 42303 42580 29936 0
4 42580 42303 42022 42310 29943 0
4 42349 42339 42580 42588 29944 0
4 42588 42580 42310 42314 29948 0
4 42595 42314 42028 42317 29949 0
4 42599 42595 42317 42321 29951 0
4 42321 42322 42603 42601 29952 0
4 42601 42603 42607 42605 29953 0
4 42622 42347 42349 42624 29969 0
4 42356 42068 42347 42622 29976 0
4 42632 42622 42624 42634 29977 0
4 42361 42074 42364 42641 29981 0
4 42364 42356 42622 42632 29982 0
4 42646 42647 42368 42366 29984 0
4 42366 42361 42641 42649 29985 0
4 42647 42646 42652 42653 29986 0
4 42624 42349 42588 42855 30131 0
4 42855 42588 42314 42595 30138 0
4 42634 42624 42855 42863 30139 0
4 42863 42855 42595 42599 30143 0
4 42870 42599 42321 42601 30144 0
4 42874 42870 42601 42605 30146 0
4 42605 42607 42878 42877 30147 0
4 42893 42632 42634 42895 30163 0
4 42641 42364 42632 42893 30169 0
4 42903 42893 42895 42905 30171 0
4 42646 42366 42649 42912 30175 0
4 42649 42641 42893 42903 30176 0
4 42652 42646 42912 42916 30178 0
4 42918 42920 42653 42652 30179 0
4 42920 42918 42922 42924 30180 0
4 42877 42878 43044 43043 30257 0
4 42895 42634 42863 43121 30323 0
4 43121 42863 42599 42870 30330 0
4 42905 42895 43121 43129 30331 0
4 43129 43121 42870 42874 30335 0
4 43136 42874 42605 42877 30336 0
4 43140 43136 42877 43043 30338 0
4 43155 42903 42905 43157 30354 0
4 42912 42649 42903 43155 30360 0
4 43165 43155 43157 43167 30362 0
4 42916 42912 43155 43165 30366 0
4 42918 42652 42916 43174 30367 0
4 42922 42918 43174 43178 30369 0
4 42924 42922 43181 43182 30370 0
4 43182 43181 43185 43186 30371 0
4 43043 43044 43299 43297 30444 0
4 43157 42905 43129 43372 30509 0
4 43372 43129 42874 43136 30516 0
4 43167 43157 43372 43380 30517 0
4 43380 43372 43136 43140 30521 0
4 43387 43140 43043 43297 30522 0
4 43394 43387 43297 43392 30524 0
4 43409 43165 43167 43411 30540 0
4 43174 42916 43165 43409 30547 0
4 43419 43409 43411 43421 30548 0
4 43178 43174 43409 43419 30552 0
4 43181 42922 43178 43428 30553 0
4 43185 43181 43428 43432 30555 0
4 43186 43185 43435 43436 30556 0
4 43436 43435 43439 43440 30557 0
4 43297 43299 43549 43392 30627 0
4 43411 43167 43380 43618 30691 0
4 43618 43380 43140 43387 30698 0
4 43421 43411 43618 43626 30699 0
4 43626 43618 43387 43394 30703 0
4 43636 43394 43392 43634 30704 0
4 43651 43419 43421 43653 30720 0
4 43428 43178 43419 43651 30727 0
4 43661 43651 43653 43663 30728 0
4 43432 43428 43651 43661 30732 0
4 43435 43185 43432 43670 30733 0
4 43439 43435 43670 43674 30735 0
4 43677 43678 43440 43439 30736 0
4 43678 43677 43680 43682 30737 0
4 43392 43549 43786 43634 30803 0
4 43790 43636 43634 43788 30804 0
4 43653 43421 43626 43865 30869 0
4 43865 43626 43394 43636 30876 0
4 43663 43653 43865 43873 30877 0
4 43873 43865 43636 43790 30880 0
4 43891 43661 43663 43893 30896 0
4 43670 43432 43661 43891 30903 0
4 43901 43891 43893 43903 30904 0
4 43674 43670 43891 43901 30908 0
4 43677 43439 43674 43910 30909 0
4 43682 43680 43915 43916 30911 0
4 43680 43677 43910 43918 30912 0
4 43921 43922 43916 43915 30913 0
4 43634 43786 44018 43788 30975 0
4 44022 43790 43788 44020 30976 0
4 43893 43663 43873 44093 31039 0
4 44093 43873 43790 44022 31046 0
4 43903 43893 44093 44101 31047 0
4 44101 44093 44022 44109 31050 0
4 44124 43901 43903 44126 31066 0
4 43910 43674 43901 44124 31073 0
4 44134 44124 44126 44136 31074 0
4 43915 43680 43918 44143 31078 0
4 43918 43910 44124 44134 31079 0
4 43921 43915 44143 44147 31081 0
4 44150 44151 43922 43921 31082 0
4 43788 44018 44249 44020 31142 0
4 44109 44022 44020 44250 31143 0
4 44151 44150 44253 44254 31144 0
4 44126 43903 44101 44316 31205 0
4 44316 44101 44109 44327 31212 0
4 44136 44126 44316 44329 31213 0
4 44344 44134 44136 44346 31229 0
4 44143 43918 44134 44344 31235 0
4 44147 44143 44344 44359 31240 0
4 44150 43921 44147 44361 31241 0
4 44020 44249 44456 44250 31298 0
4 44327 44109 44250 44457 31299 0
4 44329 44316 44327 44459 31300 0
4 44359 44344 44346 44461 31301 0
4 44253 44150 44361 44463 31302 0
4 44254 44253 44466 44467 31303 0
4 44346 44136 44329 44536 31365 0
4 44361 44147 44359 44560 31391 0
4 44250 44456 44656 44457 31448 0
4 44459 44327 44457 44657 31449 0
4 44536 44329 44459 44659 31450 0
4 44461 44346 44536 44661 31451 0
4 44560 44359 44461 44663 31452 0
4 44463 44361 44560 44665 31453 0
4 44466 44253 44463 44667 31454 0
4 44467 44466 44668 44669 31455 0
4 44457 44656 44854 44657 31592 0
4 44659 44459 44657 44855 31593 0
4 44661 44536 44659 44856 31594 0
4 44663 44461 44661 44858 31595 0
4 44665 44560 44663 44859 31596 0
4 44667 44463 44665 44861 31597 0
4 44668 44466 44667 44862 31598 0
4 44669 44668 44863 44864 31599 0
4 44657 44854 45009 44855 31716 0
4 44856 44659 44855 45010 31717 0
4 44858 44661 44856 45011 31718 0
4 44859 44663 44858 45012 31719 0
4 44861 44665 44859 45013 31720 0
4 44862 44667 44861 45014 31721 0
4 44863 44668 44862 45015 31722 0
4 45016 45017 44864 44863 31723 0
4 44855 45009 45126 45010 31820 0
4 45011 44856 45010 45127 31821 0
4 45012 44858 45011 45128 31822 0
4 45013 44859 45012 45129 31823 0
4 45014 44861 45013 45130 31824 0
4 45015 44862 45014 45131 31825 0
4 45016 44863 45015 45132 31826 0
4 45133 45134 45017 45016 31827 0
4 45010 45126 45224 45127 31906 0
4 45128 45011 45127 45225 31907 0
4 45129 45012 45128 45226 31908 0
4 45130 45013 45129 45227 31909 0
4 45131 45014 45130 45228 31910 0
4 45132 45015 45131 45229 31911 0
4 45133 45016 45132 45230 31912 0
4 45134 45133 45231 45232 31913 0
4 45127 45224 45295 45225 31967 0
4 45226 45128 45225 45296 31968 0
4 45227 45129 45226 45297 31969 0
4 45228 45130 45227 45298 31970 0
4 45229 45131 45228 45299 31971 0
4 45230 45132 45229 45300 31972 0
4 45231 45133 45230 45301 31973 0
4 45232 45231 45302 45303 31974 0
4 45225 45295 45344 45296 32011 0
4 45297 45226 45296 45345 32012 0
4 45298 45227 45297 45346 32013 0
4 45299 45228 45298 45347 32014 0
4 45300 45229 45299 45348 32015 0
4 45301 45230 45300 45349 32016 0
4 45302 45231 45301 45350 32017 0
4 45351 45352 45303 45302 32018 0
4 45296 45344 45384 45345 32047 0
4 45346 45297 45345 45385 32048 0
4 45347 45298 45346 45386 32049 0
4 45348 45299 45347 45387 32050 0
4 45349 45300 45348 45388 32051 0
4 45351 45302 45350 45389 32052 0
4 45350 45301 45349 45390 32053 0
4 45345 45384 45412 45385 32075 0
4 45386 45346 45385 45413 32076 0
4 45387 45347 45386 45414 32077 0
4 45388 45348 45387 45415 32078 0
4 45389 45350 45390 45416 32079 0
4 45390 45349 45388 45417 32080 0
4 45385 45412 45433 45413 32096 0
4 45414 45386 45413 45434 32097 0
4 45415 45387 45414 45435 32098 0
4 45417 45388 45415 45436 32099 0
4 45416 45390 45417 45437 32100 0
4 45413 45433 45448 45434 32111 0
4 45435 45414 45434 45449 32112 0
4 45437 45417 45436 45450 32113 0
4 45436 45415 45435 45451 32114 0
4 45434 45448 45458 45449 32121 0
4 45451 45435 45449 45459 32122 0
4 45450 45436 45451 45460 32123 0
4 45449 45458 45464 45459 32127 0
4 45460 45451 45459 45465 32128 0
4 45467 45465 45459 45464 32130 0
