4 8 5 4 7 1 0
4 16 15 11 12 2 0
4 19 4 5 20 3 0
4 4 23 24 7 4 0
4 32 31 11 15 6 0
4 11 35 36 12 7 0
4 44 46 47 48 9 0
4 54 52 56 55 10 0
4 56 52 19 20 11 0
4 23 4 19 58 12 0
4 44 48 24 23 14 0
4 68 70 47 46 17 0
4 68 31 32 70 18 0
4 11 31 72 35 19 0
4 77 78 36 35 21 0
4 77 87 88 78 24 0
4 100 99 54 55 26 0
4 46 44 103 104 27 0
4 111 52 54 112 29 0
4 58 19 52 111 31 0
4 44 23 58 103 33 0
4 133 132 99 100 40 0
4 68 46 104 143 42 0
4 31 68 143 72 45 0
4 35 72 155 77 47 0
4 77 155 164 87 53 0
4 167 168 88 87 54 0
4 168 167 173 174 56 0
4 189 99 132 190 60 0
4 112 54 99 189 61 0
4 199 198 197 200 63 0
4 104 103 198 199 64 0
4 198 111 112 197 67 0
4 103 58 111 198 70 0
4 231 230 232 233 81 0
4 132 133 233 232 83 0
4 143 104 199 257 89 0
4 72 143 257 155 94 0
4 257 199 200 274 102 0
4 167 277 278 173 103 0
4 155 257 274 164 104 0
4 87 164 277 167 105 0
4 173 290 291 174 110 0
4 291 290 296 297 112 0
4 190 132 232 325 121 0
4 325 232 230 327 122 0
4 200 197 330 331 123 0
4 331 330 334 335 124 0
4 330 189 190 334 125 0
4 197 112 189 330 127 0
4 375 374 376 377 150 0
4 230 231 377 376 151 0
4 173 278 419 290 167 0
4 290 419 421 296 168 0
4 274 200 331 443 186 0
4 443 331 335 445 187 0
4 277 443 445 278 188 0
4 164 274 443 277 190 0
4 476 473 474 475 202 0
4 297 296 473 476 203 0
4 327 230 376 517 220 0
4 517 376 374 519 221 0
4 335 334 522 523 222 0
4 523 522 526 527 223 0
4 334 190 325 522 224 0
4 522 325 327 526 226 0
4 572 571 570 573 256 0
4 374 375 573 570 257 0
4 473 637 638 474 285 0
4 296 421 637 473 286 0
4 445 335 523 644 289 0
4 644 523 527 646 290 0
4 278 445 644 419 291 0
4 419 644 646 421 292 0
4 678 677 675 676 321 0
4 475 474 677 678 322 0
4 762 570 571 763 360 0
4 519 374 570 762 361 0
4 527 526 766 767 362 0
4 767 766 770 771 363 0
4 526 327 517 766 364 0
4 766 517 519 770 366 0
4 820 819 571 572 399 0
4 819 820 824 823 400 0
4 474 638 900 677 441 0
4 677 900 902 675 442 0
4 646 527 767 904 443 0
4 904 767 771 906 444 0
4 637 904 906 638 445 0
4 421 646 904 637 447 0
4 676 675 935 936 478 0
4 936 935 939 940 479 0
4 763 571 819 1050 535 0
4 1050 819 823 1052 536 0
4 771 770 1055 1056 537 0
4 1056 1055 1059 1060 538 0
4 1055 762 763 1059 539 0
4 770 519 762 1055 541 0
4 1113 1112 823 824 576 0
4 1112 1113 1117 1116 577 0
4 675 902 1214 935 636 0
4 935 1214 1216 939 637 0
4 906 771 1056 1218 638 0
4 1218 1056 1060 1220 639 0
4 638 906 1218 900 640 0
4 900 1218 1220 902 642 0
4 940 939 1248 1249 673 0
4 1249 1248 1252 1253 674 0
4 1052 823 1112 1387 749 0
4 1387 1112 1116 1389 750 0
4 1060 1059 1392 1393 751 0
4 1393 1392 1396 1397 752 0
4 1059 763 1050 1392 753 0
4 1392 1050 1052 1396 755 0
4 1116 1117 1455 1454 792 0
4 1459 1458 1454 1455 793 0
4 1458 1459 1501 1500 818 0
4 1505 1504 1500 1501 819 0
4 939 1216 1579 1248 870 0
4 1248 1579 1581 1252 871 0
4 1220 1060 1393 1583 872 0
4 1583 1393 1397 1585 873 0
4 902 1220 1583 1214 874 0
4 1214 1583 1585 1216 876 0
4 1253 1252 1613 1614 907 0
4 1618 1614 1613 1617 908 0
4 1680 1677 1678 1679 939 0
4 1618 1617 1677 1680 940 0
4 1389 1116 1454 1775 997 0
4 1775 1454 1458 1777 998 0
4 1397 1396 1780 1781 999 0
4 1781 1780 1784 1785 1000 0
4 1396 1052 1387 1780 1001 0
4 1780 1387 1389 1784 1003 0
4 1777 1458 1500 1897 1073 0
4 1897 1500 1504 1899 1074 0
4 1904 1907 1906 1905 1075 0
4 1907 1904 1504 1505 1076 0
4 1917 1916 1918 1919 1079 0
4 1905 1906 1919 1918 1080 0
4 1252 1581 1999 1613 1137 0
4 1613 1999 2001 1617 1138 0
4 1585 1397 1781 2003 1139 0
4 2003 1781 1785 2005 1140 0
4 1216 1585 2003 1579 1141 0
4 1579 2003 2005 1581 1143 0
4 1677 2104 2105 1678 1213 0
4 1617 2001 2104 1677 1214 0
4 2113 2112 2110 2111 1215 0
4 1679 1678 2112 2113 1216 0
4 2125 2124 2122 2123 1219 0
4 2111 2110 2124 2125 1220 0
4 1785 1784 2247 2248 1288 0
4 2248 2247 2251 2252 1289 0
4 1784 1389 1775 2247 1290 0
4 2247 1775 1777 2251 1292 0
4 2356 1904 1905 2357 1362 0
4 1899 1504 1904 2356 1363 0
4 2252 2251 2360 2361 1364 0
4 2361 2360 2364 2365 1365 0
4 2251 1777 1897 2360 1366 0
4 2360 1897 1899 2364 1367 0
4 2357 1905 1918 2377 1374 0
4 2377 1918 1916 2379 1375 0
4 2385 2383 2387 2386 1376 0
4 1916 1917 2387 2383 1377 0
4 2385 2386 2395 2394 1380 0
4 2394 2395 2399 2398 1381 0
4 2005 1785 2248 2504 1449 0
4 2504 2248 2252 2506 1450 0
4 1581 2005 2504 1999 1451 0
4 1999 2504 2506 2001 1452 0
4 1678 2105 2594 2112 1523 0
4 2112 2594 2596 2110 1524 0
4 2506 2252 2361 2598 1525 0
4 2598 2361 2365 2600 1526 0
4 2104 2598 2600 2105 1527 0
4 2001 2506 2598 2104 1529 0
4 2110 2596 2612 2124 1535 0
4 2124 2612 2614 2122 1536 0
4 2123 2122 2617 2618 1537 0
4 2618 2617 2621 2622 1538 0
4 2622 2621 2629 2630 1541 0
4 2630 2629 2633 2634 1542 0
4 2365 2364 2885 2886 1694 0
4 2886 2885 2889 2890 1695 0
4 2885 2356 2357 2889 1696 0
4 2364 1899 2356 2885 1698 0
4 2909 2383 2385 2910 1710 0
4 2379 1916 2383 2909 1711 0
4 2890 2889 2913 2914 1712 0
4 2914 2913 2917 2918 1713 0
4 2889 2357 2377 2913 1714 0
4 2913 2377 2379 2917 1716 0
4 2931 2394 2398 2932 1722 0
4 2910 2385 2394 2931 1723 0
4 2936 2935 2398 2399 1724 0
4 2940 2939 2935 2936 1725 0
4 2948 2947 2939 2940 1728 0
4 2952 2951 2947 2948 1729 0
4 2600 2365 2886 3165 1881 0
4 3165 2886 2890 3167 1882 0
4 2105 2600 3165 2594 1883 0
4 2594 3165 3167 2596 1885 0
4 2617 3184 3185 2621 1897 0
4 2122 2614 3184 2617 1898 0
4 3167 2890 2914 3187 1899 0
4 3187 2914 2918 3189 1900 0
4 2596 3167 3187 2612 1901 0
4 2612 3187 3189 2614 1902 0
4 2621 3185 3201 2629 1909 0
4 2629 3201 3203 2633 1910 0
4 2634 2633 3206 3207 1911 0
4 3207 3206 3210 3211 1912 0
4 3211 3210 3218 3219 1915 0
4 3219 3218 3222 3223 1916 0
4 2918 2917 3507 3508 2099 0
4 3508 3507 3511 3512 2100 0
4 3507 2909 2910 3511 2101 0
4 2917 2379 2909 3507 2103 0
4 2932 2398 2935 3530 2115 0
4 3530 2935 2939 3532 2116 0
4 3512 3511 3535 3536 2117 0
4 3536 3535 3539 3540 2118 0
4 3535 2931 2932 3539 2119 0
4 3511 2910 2931 3535 2121 0
4 3553 2947 2951 3554 2127 0
4 3532 2939 2947 3553 2128 0
4 2951 2952 3558 3557 2129 0
4 3562 3561 3557 3558 2130 0
4 3562 3570 3569 3561 2133 0
4 3573 3569 3570 3574 2134 0
4 3189 2918 3508 3814 2317 0
4 3814 3508 3512 3816 2318 0
4 3184 3814 3816 3185 2319 0
4 2614 3189 3814 3184 2321 0
4 2633 3203 3832 3206 2333 0
4 3206 3832 3834 3210 2334 0
4 3816 3512 3536 3836 2335 0
4 3836 3536 3540 3838 2336 0
4 3185 3816 3836 3201 2337 0
4 3201 3836 3838 3203 2339 0
4 3210 3834 3850 3218 2345 0
4 3218 3850 3852 3222 2346 0
4 3223 3222 3855 3856 2347 0
4 3856 3855 3859 3860 2348 0
4 3860 3859 3867 3868 2351 0
4 3868 3867 3871 3872 2352 0
4 3540 3539 4166 4167 2549 0
4 4167 4166 4170 4171 2550 0
4 3539 2932 3530 4166 2551 0
4 4166 3530 3532 4170 2553 0
4 3554 2951 3557 4189 2565 0
4 4189 3557 3561 4191 2566 0
4 4171 4170 4195 4194 2567 0
4 4194 4195 4199 4198 2568 0
4 4195 3553 3554 4199 2569 0
4 4170 3532 3553 4195 2571 0
4 4191 3561 3569 4211 2577 0
4 4211 3569 3573 4213 2578 0
4 4217 4216 3573 3574 2579 0
4 4216 4217 4221 4220 2580 0
4 4220 4221 4229 4228 2583 0
4 4233 4232 4228 4229 2584 0
4 3838 3540 4167 4475 2781 0
4 4475 4167 4171 4477 2782 0
4 3203 3838 4475 3832 2783 0
4 3832 4475 4477 3834 2785 0
4 3222 3852 4493 3855 2797 0
4 3855 4493 4495 3859 2798 0
4 4477 4171 4194 4497 2799 0
4 4497 4194 4198 4499 2800 0
4 3834 4477 4497 3850 2801 0
4 3850 4497 4499 3852 2802 0
4 3859 4495 4511 3867 2809 0
4 3867 4511 4513 3871 2810 0
4 3871 4516 4517 3872 2811 0
4 4517 4516 4520 4521 2812 0
4 4533 4532 4530 4531 2815 0
4 4521 4520 4532 4533 2816 0
4 4198 4199 4825 4824 3019 0
4 4824 4825 4828 4829 3020 0
4 4199 3554 4189 4825 3021 0
4 4825 4189 4191 4828 3023 0
4 4848 4216 4220 4849 3035 0
4 4213 3573 4216 4848 3036 0
4 4829 4828 4852 4853 3037 0
4 4853 4852 4856 4857 3038 0
4 4828 4191 4211 4852 3039 0
4 4852 4211 4213 4856 3041 0
4 4849 4220 4228 4869 3047 0
4 4869 4228 4232 4871 3048 0
4 4232 4233 4875 4874 3049 0
4 4879 4878 4874 4875 3050 0
4 4887 4886 4878 4879 3053 0
4 4886 4887 4891 4890 3054 0
4 4499 4198 4824 5130 3257 0
4 5130 4824 4829 5132 3258 0
4 3852 4499 5130 4493 3259 0
4 4493 5130 5132 4495 3261 0
4 3871 4513 5148 4516 3273 0
4 4516 5148 5150 4520 3274 0
4 5132 4829 4853 5152 3275 0
4 5152 4853 4857 5154 3276 0
4 4495 5132 5152 4511 3277 0
4 4511 5152 5154 4513 3279 0
4 4520 5150 5166 4532 3285 0
4 4532 5166 5168 4530 3286 0
4 5176 5173 5174 5175 3287 0
4 4531 4530 5173 5176 3288 0
4 5175 5174 5183 5184 3291 0
4 5184 5183 5187 5188 3292 0
4 4857 4856 5464 5465 3487 0
4 5465 5464 5468 5469 3488 0
4 5464 4848 4849 5468 3489 0
4 4856 4213 4848 5464 3491 0
4 4871 4232 4874 5487 3503 0
4 5487 4874 4878 5489 3504 0
4 5469 5468 5492 5493 3505 0
4 5493 5492 5496 5497 3506 0
4 5468 4849 4869 5492 3507 0
4 5492 4869 4871 5496 3509 0
4 5489 4878 4886 5509 3515 0
4 5509 4886 4890 5511 3516 0
4 5517 5516 5518 5519 3517 0
4 5519 5518 4890 4891 3518 0
4 5527 5526 5516 5517 3521 0
4 5530 5526 5527 5531 3522 0
4 5154 4857 5465 5758 3717 0
4 5758 5465 5469 5760 3718 0
4 4513 5154 5758 5148 3719 0
4 5148 5758 5760 5150 3721 0
4 5173 5777 5778 5174 3733 0
4 4530 5168 5777 5173 3734 0
4 5760 5469 5493 5780 3735 0
4 5780 5493 5497 5782 3736 0
4 5150 5760 5780 5166 3737 0
4 5166 5780 5782 5168 3738 0
4 5174 5778 5794 5183 3745 0
4 5183 5794 5796 5187 3746 0
4 5188 5187 5799 5800 3747 0
4 5800 5799 5803 5804 3748 0
4 5804 5803 5811 5812 3751 0
4 5812 5811 5815 5816 3752 0
4 5497 5496 6082 6083 3935 0
4 6083 6082 6086 6087 3936 0
4 5496 4871 5487 6082 3937 0
4 6082 5487 5489 6086 3939 0
4 5511 4890 5518 6105 3951 0
4 6105 5518 5516 6107 3952 0
4 6087 6086 6110 6111 3953 0
4 6111 6110 6114 6115 3954 0
4 6086 5489 5509 6110 3955 0
4 6110 5509 5511 6114 3957 0
4 6107 5516 5526 6127 3963 0
4 6127 5526 5530 6129 3964 0
4 6133 6132 5530 5531 3965 0
4 6132 6133 6137 6136 3966 0
4 6136 6137 6145 6144 3969 0
4 6149 6148 6144 6145 3970 0
4 5782 5497 6083 6366 4153 0
4 6366 6083 6087 6368 4154 0
4 5777 6366 6368 5778 4155 0
4 5168 5782 6366 5777 4157 0
4 5187 5796 6384 5799 4169 0
4 5799 6384 6386 5803 4170 0
4 6368 6087 6111 6388 4171 0
4 6388 6111 6115 6390 4172 0
4 5778 6368 6388 5794 4173 0
4 5794 6388 6390 5796 4174 0
4 5803 6386 6402 5811 4181 0
4 5811 6402 6404 5815 4182 0
4 5816 5815 6407 6408 4183 0
4 6412 6408 6407 6411 4184 0
4 6412 6411 6419 6420 4187 0
4 6420 6419 6423 6424 4188 0
4 6115 6114 6688 6689 4369 0
4 6689 6688 6692 6693 4370 0
4 6114 5511 6105 6688 4371 0
4 6688 6105 6107 6692 4373 0
4 6712 6132 6136 6713 4385 0
4 6129 5530 6132 6712 4386 0
4 6693 6692 6716 6717 4387 0
4 6717 6716 6720 6721 4388 0
4 6692 6107 6127 6716 4389 0
4 6716 6127 6129 6720 4391 0
4 6713 6136 6144 6733 4397 0
4 6733 6144 6148 6735 4398 0
4 6742 6741 6740 6743 4399 0
4 6148 6149 6743 6740 4400 0
4 6741 6742 6751 6750 4403 0
4 6754 6750 6751 6755 4404 0
4 6390 6115 6689 6968 4585 0
4 6968 6689 6693 6970 4586 0
4 5796 6390 6968 6384 4587 0
4 6384 6968 6970 6386 4589 0
4 5815 6404 6986 6407 4601 0
4 6407 6986 6988 6411 4602 0
4 6970 6693 6717 6990 4603 0
4 6990 6717 6721 6992 4604 0
4 6386 6970 6990 6402 4605 0
4 6402 6990 6992 6404 4607 0
4 6419 7005 7006 6423 4613 0
4 6411 6988 7005 6419 4614 0
4 6424 6423 7009 7010 4615 0
4 7009 7013 7014 7010 4616 0
4 7014 7013 7021 7022 4619 0
4 7022 7021 7025 7026 4620 0
4 6721 6720 7289 7290 4799 0
4 7290 7289 7293 7294 4800 0
4 7289 6712 6713 7293 4801 0
4 6720 6129 6712 7289 4803 0
4 7313 6740 6741 7314 4815 0
4 6735 6148 6740 7313 4816 0
4 7294 7293 7317 7318 4817 0
4 7318 7317 7321 7322 4818 0
4 7293 6713 6733 7317 4819 0
4 7317 6733 6735 7321 4821 0
4 7314 6741 6750 7334 4827 0
4 7334 6750 6754 7336 4828 0
4 6754 6755 7340 7339 4829 0
4 7344 7343 7339 7340 4830 0
4 7343 7344 7352 7351 4833 0
4 7355 7351 7352 7356 4834 0
4 6992 6721 7290 7566 5013 0
4 7566 7290 7294 7568 5014 0
4 6404 6992 7566 6986 5015 0
4 6986 7566 7568 6988 5016 0
4 6423 7006 7584 7009 5029 0
4 7009 7584 7586 7013 5030 0
4 7568 7294 7318 7588 5031 0
4 7588 7318 7322 7590 5032 0
4 7005 7588 7590 7006 5033 0
4 6988 7568 7588 7005 5035 0
4 7013 7586 7602 7021 5041 0
4 7021 7602 7604 7025 5042 0
4 7026 7025 7607 7608 5043 0
4 7612 7608 7607 7611 5044 0
4 7621 7622 7623 7624 5047 0
4 7612 7611 7621 7624 5048 0
4 7322 7321 7893 7894 5231 0
4 7894 7893 7897 7898 5232 0
4 7893 7313 7314 7897 5233 0
4 7321 6735 7313 7893 5235 0
4 7336 6754 7339 7916 5247 0
4 7916 7339 7343 7918 5248 0
4 7898 7897 7921 7922 5249 0
4 7922 7921 7925 7926 5250 0
4 7897 7314 7334 7921 5251 0
4 7921 7334 7336 7925 5253 0
4 7918 7343 7351 7938 5259 0
4 7938 7351 7355 7940 5260 0
4 7944 7943 7355 7356 5261 0
4 7943 7944 7948 7947 5262 0
4 7956 7955 7947 7948 5265 0
4 7960 7959 7955 7956 5266 0
4 7590 7322 7894 8174 5449 0
4 8174 7894 7898 8176 5450 0
4 7006 7590 8174 7584 5451 0
4 7584 8174 8176 7586 5453 0
4 7025 7604 8192 7607 5465 0
4 7607 8192 8194 7611 5466 0
4 8176 7898 7922 8196 5467 0
4 8196 7922 7926 8198 5468 0
4 7586 8176 8196 7602 5469 0
4 7602 8196 8198 7604 5471 0
4 7621 8211 8212 7622 5477 0
4 7611 8194 8211 7621 5478 0
4 8220 8216 8218 8219 5479 0
4 7623 7622 8216 8220 5480 0
4 8219 8218 8227 8228 5483 0
4 8228 8227 8231 8232 5484 0
4 7926 7925 8500 8501 5666 0
4 8501 8500 8504 8505 5667 0
4 7925 7336 7916 8500 5668 0
4 8500 7916 7918 8504 5670 0
4 7940 7355 7943 8523 5682 0
4 8523 7943 7947 8525 5683 0
4 8505 8504 8528 8529 5684 0
4 8529 8528 8532 8533 5685 0
4 8504 7918 7938 8528 5686 0
4 8528 7938 7940 8532 5688 0
4 8525 7947 7955 8545 5694 0
4 8545 7955 7959 8547 5695 0
4 7959 7960 8551 8550 5696 0
4 8550 8551 8555 8554 5697 0
4 8563 8562 8554 8555 5700 0
4 8562 8563 8567 8566 5701 0
4 8198 7926 8501 8780 5883 0
4 8780 8501 8505 8782 5884 0
4 7604 8198 8780 8192 5885 0
4 8192 8780 8782 8194 5886 0
4 8216 8799 8800 8218 5899 0
4 7622 8212 8799 8216 5900 0
4 8782 8505 8529 8802 5901 0
4 8802 8529 8533 8804 5902 0
4 8211 8802 8804 8212 5903 0
4 8194 8782 8802 8211 5905 0
4 8218 8800 8816 8227 5911 0
4 8227 8816 8818 8231 5912 0
4 8232 8231 8821 8822 5913 0
4 8826 8822 8821 8825 5914 0
4 8826 8825 8833 8834 5917 0
4 8834 8833 8837 8838 5918 0
4 8533 8532 9105 9106 6099 0
4 9106 9105 9109 9110 6100 0
4 8532 7940 8523 9105 6101 0
4 9105 8523 8525 9109 6103 0
4 8547 7959 8550 9128 6115 0
4 9128 8550 8554 9130 6116 0
4 9110 9109 9133 9134 6117 0
4 9134 9133 9137 9138 6118 0
4 9109 8525 8545 9133 6119 0
4 9133 8545 8547 9137 6121 0
4 9130 8554 8562 9150 6127 0
4 9150 8562 8566 9152 6128 0
4 9156 9155 8566 8567 6129 0
4 9160 9159 9155 9156 6130 0
4 9171 9170 9169 9172 6133 0
4 9159 9160 9172 9169 6134 0
4 8804 8533 9106 9384 6315 0
4 9384 9106 9110 9386 6316 0
4 8799 9384 9386 8800 6317 0
4 8212 8804 9384 8799 6319 0
4 8231 8818 9402 8821 6331 0
4 8821 9402 9404 8825 6332 0
4 9386 9110 9134 9406 6333 0
4 9406 9134 9138 9408 6334 0
4 8800 9386 9406 8816 6335 0
4 8816 9406 9408 8818 6337 0
4 8833 9421 9422 8837 6343 0
4 8825 9404 9421 8833 6344 0
4 9430 9429 9426 9427 6345 0
4 8838 8837 9429 9430 6346 0
4 9442 9441 9439 9440 6349 0
4 9427 9426 9441 9442 6350 0
4 9138 9137 9708 9709 6530 0
4 9709 9708 9712 9713 6531 0
4 9137 8547 9128 9708 6532 0
4 9708 9128 9130 9712 6534 0
4 9152 8566 9155 9731 6546 0
4 9731 9155 9159 9733 6547 0
4 9713 9712 9736 9737 6548 0
4 9737 9736 9740 9741 6549 0
4 9712 9130 9150 9736 6550 0
4 9736 9150 9152 9740 6552 0
4 9754 9169 9170 9755 6558 0
4 9733 9159 9169 9754 6559 0
4 9759 9758 9170 9171 6560 0
4 9762 9758 9759 9763 6561 0
4 9771 9770 9762 9763 6564 0
4 9775 9774 9770 9771 6565 0
4 9408 9138 9709 9986 6745 0
4 9986 9709 9713 9988 6746 0
4 8818 9408 9986 9402 6747 0
4 9402 9986 9988 9404 6748 0
4 9429 10006 10005 9426 6761 0
4 8837 9422 10006 9429 6762 0
4 9988 9713 9737 10008 6763 0
4 10008 9737 9741 10010 6764 0
4 9421 10008 10010 9422 6765 0
4 9404 9988 10008 9421 6767 0
4 9426 10005 10022 9441 6773 0
4 9441 10022 10024 9439 6774 0
4 9440 9439 10027 10028 6775 0
4 10028 10027 10031 10032 6776 0
4 10032 10031 10039 10040 6779 0
4 10040 10039 10043 10044 6780 0
4 9741 9740 10307 10308 6957 0
4 10308 10307 10311 10312 6958 0
4 9740 9152 9731 10307 6959 0
4 10307 9731 9733 10311 6961 0
4 9755 9170 9758 10330 6973 0
4 10330 9758 9762 10332 6974 0
4 10312 10311 10335 10336 6975 0
4 10336 10335 10339 10340 6976 0
4 10335 9754 9755 10339 6977 0
4 10311 9733 9754 10335 6979 0
4 10353 9770 9774 10354 6985 0
4 10332 9762 9770 10353 6986 0
4 9774 9775 10358 10357 6987 0
4 10362 10361 10357 10358 6988 0
4 10374 10372 10371 10373 6991 0
4 10374 10373 10361 10362 6992 0
4 10010 9741 10308 10583 7169 0
4 10583 10308 10312 10585 7170 0
4 10006 10583 10585 10005 7171 0
4 9422 10010 10583 10006 7173 0
4 9439 10024 10601 10027 7185 0
4 10027 10601 10603 10031 7186 0
4 10585 10312 10336 10605 7187 0
4 10605 10336 10340 10607 7188 0
4 10005 10585 10605 10022 7189 0
4 10022 10605 10607 10024 7191 0
4 10031 10603 10619 10039 7197 0
4 10039 10619 10621 10043 7198 0
4 10044 10043 10624 10625 7199 0
4 10625 10624 10628 10629 7200 0
4 10629 10628 10636 10637 7203 0
4 10637 10636 10640 10641 7204 0
4 10340 10339 10904 10905 7381 0
4 10905 10904 10908 10909 7382 0
4 10339 9755 10330 10904 7383 0
4 10904 10330 10332 10908 7385 0
4 10354 9774 10357 10927 7397 0
4 10927 10357 10361 10929 7398 0
4 10909 10908 10932 10933 7399 0
4 10933 10932 10936 10937 7400 0
4 10932 10353 10354 10936 7401 0
4 10908 10332 10353 10932 7403 0
4 10929 10361 10373 10949 7409 0
4 10949 10373 10371 10951 7410 0
4 10955 10954 10371 10372 7411 0
4 10959 10958 10954 10955 7412 0
4 10958 10959 10967 10966 7415 0
4 10970 10966 10967 10971 7416 0
4 10607 10340 10905 11180 7593 0
4 11180 10905 10909 11182 7594 0
4 10024 10607 11180 10601 7595 0
4 10601 11180 11182 10603 7597 0
4 10624 11199 11200 10628 7609 0
4 10043 10621 11199 10624 7610 0
4 11182 10909 10933 11202 7611 0
4 11202 10933 10937 11204 7612 0
4 10603 11182 11202 10619 7613 0
4 10619 11202 11204 10621 7614 0
4 10628 11200 11216 10636 7621 0
4 10636 11216 11218 10640 7622 0
4 10641 10640 11221 11222 7623 0
4 11222 11221 11225 11226 7624 0
4 11226 11225 11233 11234 7627 0
4 11234 11233 11237 11238 7628 0
4 10937 10936 11501 11502 7805 0
4 11502 11501 11505 11506 7806 0
4 10936 10354 10927 11501 7807 0
4 11501 10927 10929 11505 7809 0
4 10951 10371 10954 11524 7821 0
4 11524 10954 10958 11526 7822 0
4 11506 11505 11529 11530 7823 0
4 11530 11529 11533 11534 7824 0
4 11505 10929 10949 11529 7825 0
4 11529 10949 10951 11533 7827 0
4 11526 10958 10966 11546 7833 0
4 11546 10966 10970 11548 7834 0
4 11552 11551 10970 10971 7835 0
4 11555 11551 11552 11556 7836 0
4 11555 11556 11564 11563 7839 0
4 11563 11564 11568 11567 7840 0
4 11204 10937 11502 11777 8017 0
4 11777 11502 11506 11779 8018 0
4 11199 11777 11779 11200 8019 0
4 10621 11204 11777 11199 8021 0
4 10640 11218 11795 11221 8033 0
4 11221 11795 11797 11225 8034 0
4 11779 11506 11530 11799 8035 0
4 11799 11530 11534 11801 8036 0
4 11200 11779 11799 11216 8037 0
4 11216 11799 11801 11218 8039 0
4 11225 11797 11813 11233 8045 0
4 11233 11813 11815 11237 8046 0
4 11238 11237 11818 11819 8047 0
4 11819 11818 11822 11823 8048 0
4 11835 11834 11831 11832 8051 0
4 11823 11822 11834 11835 8052 0
4 11534 11533 12098 12099 8229 0
4 12099 12098 12102 12103 8230 0
4 11533 10951 11524 12098 8231 0
4 12098 11524 11526 12102 8233 0
4 12122 11551 11555 12123 8245 0
4 11548 10970 11551 12122 8246 0
4 12103 12102 12126 12127 8247 0
4 12127 12126 12130 12131 8248 0
4 12102 11526 11546 12126 8249 0
4 12126 11546 11548 12130 8251 0
4 12123 11555 11563 12143 8257 0
4 12143 11563 11567 12145 8258 0
4 12152 12153 12151 12150 8259 0
4 12153 12152 11567 11568 8260 0
4 12161 12160 12150 12151 8263 0
4 12164 12160 12161 12165 8264 0
4 11801 11534 12099 12374 8441 0
4 12374 12099 12103 12376 8442 0
4 11218 11801 12374 11795 8443 0
4 11795 12374 12376 11797 8445 0
4 11818 12393 12394 11822 8457 0
4 11237 11815 12393 11818 8458 0
4 12376 12103 12127 12396 8459 0
4 12396 12127 12131 12398 8460 0
4 11797 12376 12396 11813 8461 0
4 11813 12396 12398 11815 8462 0
4 11834 12412 12411 11831 8469 0
4 11822 12394 12412 11834 8470 0
4 12420 12419 12417 12418 8471 0
4 11832 11831 12419 12420 8472 0
4 12418 12417 12427 12428 8475 0
4 12428 12427 12431 12432 8476 0
4 12131 12130 12695 12696 8653 0
4 12696 12695 12699 12700 8654 0
4 12695 12122 12123 12699 8655 0
4 12130 11548 12122 12695 8657 0
4 12145 11567 12152 12718 8669 0
4 12718 12152 12150 12720 8670 0
4 12700 12699 12723 12724 8671 0
4 12724 12723 12727 12728 8672 0
4 12699 12123 12143 12723 8673 0
4 12723 12143 12145 12727 8675 0
4 12720 12150 12160 12740 8681 0
4 12740 12160 12164 12742 8682 0
4 12164 12165 12746 12745 8683 0
4 12750 12749 12745 12746 8684 0
4 12749 12750 12758 12757 8687 0
4 12762 12761 12757 12758 8688 0
4 12398 12131 12696 12971 8865 0
4 12971 12696 12700 12973 8866 0
4 12393 12971 12973 12394 8867 0
4 11815 12398 12971 12393 8869 0
4 11831 12411 12989 12419 8881 0
4 12419 12989 12991 12417 8882 0
4 12973 12700 12724 12993 8883 0
4 12993 12724 12728 12995 8884 0
4 12412 12993 12995 12411 8885 0
4 12394 12973 12993 12412 8887 0
4 12417 12991 13007 12427 8893 0
4 12427 13007 13009 12431 8894 0
4 12432 12431 13012 13013 8895 0
4 13013 13012 13016 13017 8896 0
4 13017 13016 13024 13025 8899 0
4 13025 13024 13028 13029 8900 0
4 12728 12727 13292 13293 9077 0
4 13293 13292 13296 13297 9078 0
4 12727 12145 12718 13292 9079 0
4 13292 12718 12720 13296 9081 0
4 13316 12745 12749 13317 9093 0
4 12742 12164 12745 13316 9094 0
4 13297 13296 13320 13321 9095 0
4 13321 13320 13324 13325 9096 0
4 13296 12720 12740 13320 9097 0
4 13320 12740 12742 13324 9099 0
4 13317 12749 12757 13337 9105 0
4 13337 12757 12761 13339 9106 0
4 13345 13344 13346 13347 9107 0
4 13347 13346 12761 12762 9108 0
4 13355 13354 13344 13345 9111 0
4 13358 13354 13355 13359 9112 0
4 12995 12728 13293 13568 9289 0
4 13568 13293 13297 13570 9290 0
4 12411 12995 13568 12989 9291 0
4 12989 13568 13570 12991 9293 0
4 13012 13587 13588 13016 9305 0
4 12431 13009 13587 13012 9306 0
4 13570 13297 13321 13590 9307 0
4 13590 13321 13325 13592 9308 0
4 12991 13570 13590 13007 9309 0
4 13007 13590 13592 13009 9310 0
4 13016 13588 13604 13024 9317 0
4 13024 13604 13606 13028 9318 0
4 13029 13028 13609 13610 9319 0
4 13610 13609 13613 13614 9320 0
4 13614 13613 13621 13622 9323 0
4 13622 13621 13625 13626 9324 0
4 13325 13324 13889 13890 9501 0
4 13890 13889 13893 13894 9502 0
4 13889 13316 13317 13893 9503 0
4 13324 12742 13316 13889 9505 0
4 13339 12761 13346 13912 9517 0
4 13912 13346 13344 13914 9518 0
4 13894 13893 13917 13918 9519 0
4 13918 13917 13921 13922 9520 0
4 13893 13317 13337 13917 9521 0
4 13917 13337 13339 13921 9522 0
4 13914 13344 13354 13934 9529 0
4 13934 13354 13358 13936 9530 0
4 13358 13359 13940 13939 9531 0
4 13944 13943 13939 13940 9532 0
4 13943 13944 13952 13951 9535 0
4 13956 13955 13951 13952 9536 0
4 13592 13325 13890 14165 9713 0
4 14165 13890 13894 14167 9714 0
4 13587 14165 14167 13588 9715 0
4 13009 13592 14165 13587 9717 0
4 13028 13606 14183 13609 9729 0
4 13609 14183 14185 13613 9730 0
4 14167 13894 13918 14187 9731 0
4 14187 13918 13922 14189 9732 0
4 13588 14167 14187 13604 9733 0
4 13604 14187 14189 13606 9735 0
4 13613 14185 14201 13621 9741 0
4 13621 14201 14203 13625 9742 0
4 13626 13625 14206 14207 9743 0
4 14211 14207 14206 14210 9744 0
4 14223 14219 14221 14222 9747 0
4 14211 14210 14219 14223 9748 0
4 13922 13921 14486 14487 9925 0
4 14487 14486 14490 14491 9926 0
4 13921 13339 13912 14486 9927 0
4 14486 13912 13914 14490 9929 0
4 14510 13939 13943 14511 9941 0
4 13936 13358 13939 14510 9942 0
4 14491 14490 14514 14515 9943 0
4 14515 14514 14518 14519 9944 0
4 14490 13914 13934 14514 9945 0
4 14514 13934 13936 14518 9947 0
4 14511 13943 13951 14531 9953 0
4 14531 13951 13955 14533 9954 0
4 14539 14538 14540 14541 9955 0
4 13955 13956 14541 14540 9956 0
4 14538 14539 14549 14548 9959 0
4 14548 14549 14553 14552 9960 0
4 14189 13922 14487 14762 10137 0
4 14762 14487 14491 14764 10138 0
4 13606 14189 14762 14183 10139 0
4 14183 14762 14764 14185 10141 0
4 13625 14203 14780 14206 10153 0
4 14206 14780 14782 14210 10154 0
4 14764 14491 14515 14784 10155 0
4 14784 14515 14519 14786 10156 0
4 14185 14764 14784 14201 10157 0
4 14201 14784 14786 14203 10159 0
4 14219 14799 14800 14221 10165 0
4 14210 14782 14799 14219 10166 0
4 14808 14807 14804 14805 10167 0
4 14222 14221 14807 14808 10168 0
4 14805 14804 14815 14816 10171 0
4 14816 14815 14819 14820 10172 0
4 14519 14518 15083 15084 10349 0
4 15084 15083 15087 15088 10350 0
4 15083 14510 14511 15087 10351 0
4 14518 13936 14510 15083 10353 0
4 14533 13955 14540 15106 10365 0
4 15106 14540 14538 15108 10366 0
4 15088 15087 15111 15112 10367 0
4 15112 15111 15115 15116 10368 0
4 15087 14511 14531 15111 10369 0
4 15111 14531 14533 15115 10371 0
4 15108 14538 14548 15128 10377 0
4 15128 14548 14552 15130 10378 0
4 15134 15133 14552 14553 10379 0
4 15137 15133 15134 15138 10380 0
4 15146 15145 15137 15138 10383 0
4 15145 15146 15150 15149 10384 0
4 14786 14519 15084 15359 10561 0
4 15359 15084 15088 15361 10562 0
4 14203 14786 15359 14780 10563 0
4 14780 15359 15361 14782 10564 0
4 14221 14800 15377 14807 10577 0
4 14807 15377 15379 14804 10578 0
4 15361 15088 15112 15381 10579 0
4 15381 15112 15116 15383 10580 0
4 14799 15381 15383 14800 10581 0
4 14782 15361 15381 14799 10583 0
4 14804 15379 15395 14815 10589 0
4 14815 15395 15397 14819 10590 0
4 14820 14819 15400 15401 10591 0
4 15405 15401 15400 15404 10592 0
4 15405 15404 15412 15413 10595 0
4 15413 15412 15416 15417 10596 0
4 15116 15115 15680 15681 10773 0
4 15681 15680 15684 15685 10774 0
4 15115 14533 15106 15680 10775 0
4 15680 15106 15108 15684 10777 0
4 15130 14552 15133 15703 10789 0
4 15703 15133 15137 15705 10790 0
4 15685 15684 15708 15709 10791 0
4 15709 15708 15712 15713 10792 0
4 15684 15108 15128 15708 10793 0
4 15708 15128 15130 15712 10795 0
4 15726 15145 15149 15727 10801 0
4 15705 15137 15145 15726 10802 0
4 15731 15730 15149 15150 10803 0
4 15735 15734 15730 15731 10804 0
4 15746 15747 15745 15744 10807 0
4 15734 15735 15747 15746 10808 0
4 15383 15116 15681 15956 10985 0
4 15956 15681 15685 15958 10986 0
4 14800 15383 15956 15377 10987 0
4 15377 15956 15958 15379 10988 0
4 14819 15397 15974 15400 11001 0
4 15400 15974 15976 15404 11002 0
4 15958 15685 15709 15978 11003 0
4 15978 15709 15713 15980 11004 0
4 15379 15958 15978 15395 11005 0
4 15395 15978 15980 15397 11007 0
4 15412 15993 15994 15416 11013 0
4 15404 15976 15993 15412 11014 0
4 15417 15416 15997 15998 11015 0
4 16002 15998 15997 16001 11016 0
4 16002 16001 16009 16010 11019 0
4 16010 16009 16013 16014 11020 0
4 15713 15712 16277 16278 11197 0
4 16278 16277 16281 16282 11198 0
4 15712 15130 15703 16277 11199 0
4 16277 15703 15705 16281 11201 0
4 15727 15149 15730 16300 11213 0
4 16300 15730 15734 16302 11214 0
4 16282 16281 16305 16306 11215 0
4 16306 16305 16309 16310 11216 0
4 16305 15726 15727 16309 11217 0
4 16281 15705 15726 16305 11219 0
4 16302 15734 15746 16322 11225 0
4 16322 15746 15744 16324 11226 0
4 16328 16327 15744 15745 11227 0
4 16331 16327 16328 16332 11228 0
4 16340 16339 16331 16332 11231 0
4 16340 16344 16343 16339 11232 0
4 15980 15713 16278 16553 11409 0
4 16553 16278 16282 16555 11410 0
4 15397 15980 16553 15974 11411 0
4 15974 16553 16555 15976 11412 0
4 15416 15994 16571 15997 11425 0
4 15997 16571 16573 16001 11426 0
4 16555 16282 16306 16575 11427 0
4 16575 16306 16310 16577 11428 0
4 15993 16575 16577 15994 11429 0
4 15976 16555 16575 15993 11431 0
4 16001 16573 16589 16009 11437 0
4 16009 16589 16591 16013 11438 0
4 16014 16013 16594 16595 11439 0
4 16595 16594 16598 16599 11440 0
4 16599 16598 16606 16607 11443 0
4 16611 16607 16606 16610 11444 0
4 16310 16309 16874 16875 11621 0
4 16875 16874 16878 16879 11622 0
4 16309 15727 16300 16874 11623 0
4 16874 16300 16302 16878 11625 0
4 16324 15744 16327 16897 11637 0
4 16897 16327 16331 16899 11638 0
4 16879 16878 16902 16903 11639 0
4 16903 16902 16906 16907 11640 0
4 16878 16302 16322 16902 11641 0
4 16902 16322 16324 16906 11643 0
4 16920 16339 16343 16921 11649 0
4 16899 16331 16339 16920 11650 0
4 16925 16924 16343 16344 11651 0
4 16929 16928 16924 16925 11652 0
4 16937 16936 16928 16929 11655 0
4 16941 16940 16936 16937 11656 0
4 16577 16310 16875 17150 11833 0
4 17150 16875 16879 17152 11834 0
4 15994 16577 17150 16571 11835 0
4 16571 17150 17152 16573 11836 0
4 16013 16591 17168 16594 11849 0
4 16594 17168 17170 16598 11850 0
4 17152 16879 16903 17172 11851 0
4 17172 16903 16907 17174 11852 0
4 16573 17152 17172 16589 11853 0
4 16589 17172 17174 16591 11855 0
4 16598 17170 17186 16606 11861 0
4 16606 17186 17188 16610 11862 0
4 16611 16610 17191 17192 11863 0
4 17192 17191 17195 17196 11864 0
4 17196 17195 17203 17204 11867 0
4 17204 17203 17207 17208 11868 0
4 16907 16906 17471 17472 12045 0
4 17472 17471 17475 17476 12046 0
4 16906 16324 16897 17471 12047 0
4 17471 16897 16899 17475 12049 0
4 16921 16343 16924 17494 12061 0
4 17494 16924 16928 17496 12062 0
4 17476 17475 17499 17500 12063 0
4 17500 17499 17503 17504 12064 0
4 17499 16920 16921 17503 12065 0
4 17475 16899 16920 17499 12067 0
4 17496 16928 16936 17516 12073 0
4 17516 16936 16940 17518 12074 0
4 17522 17521 16940 16941 12075 0
4 17525 17521 17522 17526 12076 0
4 17537 17536 17535 17538 12079 0
4 17538 17535 17525 17526 12080 0
4 17174 16907 17472 17747 12257 0
4 17747 17472 17476 17749 12258 0
4 16591 17174 17747 17168 12259 0
4 17168 17747 17749 17170 12261 0
4 17191 17766 17767 17195 12273 0
4 16610 17188 17766 17191 12274 0
4 17749 17476 17500 17769 12275 0
4 17769 17500 17504 17771 12276 0
4 17170 17749 17769 17186 12277 0
4 17186 17769 17771 17188 12278 0
4 17195 17767 17783 17203 12285 0
4 17203 17783 17785 17207 12286 0
4 17208 17207 17788 17789 12287 0
4 17789 17788 17792 17793 12288 0
4 17793 17792 17800 17801 12291 0
4 17801 17800 17804 17805 12292 0
4 17504 17503 18068 18069 12469 0
4 18069 18068 18072 18073 12470 0
4 17503 16921 17494 18068 12471 0
4 18068 17494 17496 18072 12473 0
4 17518 16940 17521 18091 12485 0
4 18091 17521 17525 18093 12486 0
4 18073 18072 18096 18097 12487 0
4 18097 18096 18100 18101 12488 0
4 18072 17496 17516 18096 12489 0
4 18096 17516 17518 18100 12491 0
4 18114 17535 17536 18115 12497 0
4 18093 17525 17535 18114 12498 0
4 18119 18118 17536 17537 12499 0
4 18123 18122 18118 18119 12500 0
4 18122 18123 18131 18130 12503 0
4 18135 18134 18130 18131 12504 0
4 17771 17504 18069 18344 12681 0
4 18344 18069 18073 18346 12682 0
4 17766 18344 18346 17767 12683 0
4 17188 17771 18344 17766 12685 0
4 17207 17785 18362 17788 12697 0
4 17788 18362 18364 17792 12698 0
4 18346 18073 18097 18366 12699 0
4 18366 18097 18101 18368 12700 0
4 17767 18346 18366 17783 12701 0
4 17783 18366 18368 17785 12703 0
4 17792 18364 18380 17800 12709 0
4 17800 18380 18382 17804 12710 0
4 17805 17804 18385 18386 12711 0
4 18386 18385 18389 18390 12712 0
4 18389 18397 18398 18390 12715 0
4 18402 18398 18397 18401 12716 0
4 18101 18100 18665 18666 12893 0
4 18666 18665 18669 18670 12894 0
4 18100 17518 18091 18665 12895 0
4 18665 18091 18093 18669 12897 0
4 18115 17536 18118 18688 12909 0
4 18688 18118 18122 18690 12910 0
4 18670 18669 18693 18694 12911 0
4 18694 18693 18697 18698 12912 0
4 18693 18114 18115 18697 12913 0
4 18669 18093 18114 18693 12915 0
4 18690 18122 18130 18710 12921 0
4 18710 18130 18134 18712 12922 0
4 18716 18715 18134 18135 12923 0
4 18720 18719 18715 18716 12924 0
4 18730 18729 18731 18732 12927 0
4 18719 18720 18732 18731 12928 0
4 18368 18101 18666 18941 13105 0
4 18941 18666 18670 18943 13106 0
4 17785 18368 18941 18362 13107 0
4 18362 18941 18943 18364 13109 0
4 18385 18960 18961 18389 13121 0
4 17804 18382 18960 18385 13122 0
4 18943 18670 18694 18963 13123 0
4 18963 18694 18698 18965 13124 0
4 18364 18943 18963 18380 13125 0
4 18380 18963 18965 18382 13126 0
4 18389 18961 18977 18397 13133 0
4 18397 18977 18979 18401 13134 0
4 18402 18401 18982 18983 13135 0
4 18983 18982 18986 18987 13136 0
4 18987 18986 18994 18995 13139 0
4 18999 18995 18994 18998 13140 0
4 18698 18697 19262 19263 13317 0
4 19263 19262 19266 19267 13318 0
4 18697 18115 18688 19262 13319 0
4 19262 18688 18690 19266 13321 0
4 18712 18134 18715 19285 13333 0
4 19285 18715 18719 19287 13334 0
4 19267 19266 19290 19291 13335 0
4 19291 19290 19294 19295 13336 0
4 19266 18690 18710 19290 13337 0
4 19290 18710 18712 19294 13339 0
4 19287 18719 18731 19307 13345 0
4 19307 18731 18729 19309 13346 0
4 19315 19314 19316 19317 13347 0
4 19317 19316 18729 18730 13348 0
4 19325 19324 19314 19315 13351 0
4 19324 19325 19329 19328 13352 0
4 18965 18698 19263 19538 13529 0
4 19538 19263 19267 19540 13530 0
4 18960 19538 19540 18961 13531 0
4 18382 18965 19538 18960 13533 0
4 18982 19557 19558 18986 13545 0
4 18401 18979 19557 18982 13546 0
4 19540 19267 19291 19560 13547 0
4 19560 19291 19295 19562 13548 0
4 18961 19540 19560 18977 13549 0
4 18977 19560 19562 18979 13550 0
4 18986 19558 19574 18994 13557 0
4 18994 19574 19576 18998 13558 0
4 18999 18998 19579 19580 13559 0
4 19580 19579 19583 19584 13560 0
4 19584 19583 19591 19592 13563 0
4 19592 19591 19595 19596 13564 0
4 19295 19294 19859 19860 13741 0
4 19860 19859 19863 19864 13742 0
4 19294 18712 19285 19859 13743 0
4 19859 19285 19287 19863 13745 0
4 19309 18729 19316 19882 13757 0
4 19882 19316 19314 19884 13758 0
4 19864 19863 19887 19888 13759 0
4 19888 19887 19891 19892 13760 0
4 19863 19287 19307 19887 13761 0
4 19887 19307 19309 19891 13763 0
4 19884 19314 19324 19904 13769 0
4 19904 19324 19328 19906 13770 0
4 19910 19909 19328 19329 13771 0
4 19914 19913 19909 19910 13772 0
4 19913 19914 19922 19921 13775 0
4 19926 19925 19921 19922 13776 0
4 19562 19295 19860 20135 13953 0
4 20135 19860 19864 20137 13954 0
4 19557 20135 20137 19558 13955 0
4 18979 19562 20135 19557 13957 0
4 19579 20154 20155 19583 13969 0
4 18998 19576 20154 19579 13970 0
4 20137 19864 19888 20157 13971 0
4 20157 19888 19892 20159 13972 0
4 19558 20137 20157 19574 13973 0
4 19574 20157 20159 19576 13974 0
4 19583 20155 20171 19591 13981 0
4 19591 20171 20173 19595 13982 0
4 20181 20180 20177 20178 13983 0
4 19596 19595 20180 20181 13984 0
4 20193 20192 20190 20191 13987 0
4 20178 20177 20192 20193 13988 0
4 19892 19891 20456 20457 14165 0
4 20457 20456 20460 20461 14166 0
4 19891 19309 19882 20456 14167 0
4 20456 19882 19884 20460 14169 0
4 19906 19328 19909 20479 14181 0
4 20479 19909 19913 20481 14182 0
4 20461 20460 20484 20485 14183 0
4 20485 20484 20488 20489 14184 0
4 20460 19884 19904 20484 14185 0
4 20484 19904 19906 20488 14187 0
4 20481 19913 19921 20501 14193 0
4 20501 19921 19925 20503 14194 0
4 20510 20509 20508 20511 14195 0
4 20511 20508 19925 19926 14196 0
4 20521 20520 20522 20523 14199 0
4 20509 20510 20523 20522 14200 0
4 20159 19892 20457 20732 14377 0
4 20732 20457 20461 20734 14378 0
4 20154 20732 20734 20155 14379 0
4 19576 20159 20732 20154 14381 0
4 19595 20173 20750 20180 14393 0
4 20180 20750 20752 20177 14394 0
4 20734 20461 20485 20754 14395 0
4 20754 20485 20489 20756 14396 0
4 20155 20734 20754 20171 14397 0
4 20171 20754 20756 20173 14399 0
4 20177 20752 20768 20192 14405 0
4 20192 20768 20770 20190 14406 0
4 20777 20775 20776 20778 14407 0
4 20191 20190 20777 20778 14408 0
4 20776 20775 20785 20786 14411 0
4 20790 20786 20785 20789 14412 0
4 20489 20488 21053 21054 14589 0
4 21054 21053 21057 21058 14590 0
4 20488 19906 20479 21053 14591 0
4 21053 20479 20481 21057 14593 0
4 21077 20508 20509 21078 14605 0
4 20503 19925 20508 21077 14606 0
4 21058 21057 21081 21082 14607 0
4 21082 21081 21085 21086 14608 0
4 21057 20481 20501 21081 14609 0
4 21081 20501 20503 21085 14611 0
4 21078 20509 20522 21098 14617 0
4 21098 20522 20520 21100 14618 0
4 21104 21103 20520 20521 14619 0
4 21108 21107 21103 21104 14620 0
4 21107 21108 21116 21115 14623 0
4 21119 21115 21116 21120 14624 0
4 20756 20489 21054 21329 14801 0
4 21329 21054 21058 21331 14802 0
4 20173 20756 21329 20750 14803 0
4 20750 21329 21331 20752 14805 0
4 20190 20770 21347 20777 14817 0
4 20777 21347 21349 20775 14818 0
4 21331 21058 21082 21351 14819 0
4 21351 21082 21086 21353 14820 0
4 20752 21331 21351 20768 14821 0
4 20768 21351 21353 20770 14823 0
4 20785 21366 21367 20789 14829 0
4 20775 21349 21366 20785 14830 0
4 20790 20789 21370 21371 14831 0
4 21371 21370 21374 21375 14832 0
4 21375 21374 21382 21383 14835 0
4 21383 21382 21386 21387 14836 0
4 21086 21085 21650 21651 15013 0
4 21651 21650 21654 21655 15014 0
4 21650 21077 21078 21654 15015 0
4 21085 20503 21077 21650 15017 0
4 21100 20520 21103 21673 15029 0
4 21673 21103 21107 21675 15030 0
4 21655 21654 21678 21679 15031 0
4 21679 21678 21682 21683 15032 0
4 21654 21078 21098 21678 15033 0
4 21678 21098 21100 21682 15035 0
4 21675 21107 21115 21695 15041 0
4 21695 21115 21119 21697 15042 0
4 21701 21700 21119 21120 15043 0
4 21700 21701 21705 21704 15044 0
4 21713 21712 21704 21705 15047 0
4 21713 21717 21716 21712 15048 0
4 21353 21086 21651 21926 15225 0
4 21926 21651 21655 21928 15226 0
4 20770 21353 21926 21347 15227 0
4 21347 21926 21928 21349 15228 0
4 21370 21945 21946 21374 15241 0
4 20789 21367 21945 21370 15242 0
4 21928 21655 21679 21948 15243 0
4 21948 21679 21683 21950 15244 0
4 21366 21948 21950 21367 15245 0
4 21349 21928 21948 21366 15247 0
4 21374 21946 21962 21382 15253 0
4 21382 21962 21964 21386 15254 0
4 21387 21386 21967 21968 15255 0
4 21968 21967 21971 21972 15256 0
4 21972 21971 21979 21980 15259 0
4 21980 21979 21983 21984 15260 0
4 21683 21682 22247 22248 15437 0
4 22248 22247 22251 22252 15438 0
4 21682 21100 21673 22247 15439 0
4 22247 21673 21675 22251 15441 0
4 22271 21700 21704 22272 15453 0
4 21697 21119 21700 22271 15454 0
4 22252 22251 22275 22276 15455 0
4 22276 22275 22279 22280 15456 0
4 22251 21675 21695 22275 15457 0
4 22275 21695 21697 22279 15459 0
4 22272 21704 21712 22292 15465 0
4 22292 21712 21716 22294 15466 0
4 22298 22297 21716 21717 15467 0
4 22297 22298 22302 22301 15468 0
4 22310 22309 22301 22302 15471 0
4 22313 22309 22310 22314 15472 0
4 21950 21683 22248 22523 15649 0
4 22523 22248 22252 22525 15650 0
4 21945 22523 22525 21946 15651 0
4 21367 21950 22523 21945 15653 0
4 21386 21964 22541 21967 15665 0
4 21967 22541 22543 21971 15666 0
4 22525 22252 22276 22545 15667 0
4 22545 22276 22280 22547 15668 0
4 21946 22525 22545 21962 15669 0
4 21962 22545 22547 21964 15671 0
4 21971 22543 22559 21979 15677 0
4 21979 22559 22561 21983 15678 0
4 21984 21983 22564 22565 15679 0
4 22565 22564 22568 22569 15680 0
4 22569 22568 22576 22577 15683 0
4 22577 22576 22580 22581 15684 0
4 22280 22279 22844 22845 15861 0
4 22845 22844 22848 22849 15862 0
4 22844 22271 22272 22848 15863 0
4 22279 21697 22271 22844 15865 0
4 22294 21716 22297 22867 15877 0
4 22867 22297 22301 22869 15878 0
4 22849 22848 22872 22873 15879 0
4 22873 22872 22876 22877 15880 0
4 22848 22272 22292 22872 15881 0
4 22872 22292 22294 22876 15883 0
4 22869 22301 22309 22889 15889 0
4 22889 22309 22313 22891 15890 0
4 22895 22894 22313 22314 15891 0
4 22895 22899 22898 22894 15892 0
4 22898 22899 22907 22906 15895 0
4 22911 22910 22906 22907 15896 0
4 22547 22280 22845 23120 16073 0
4 23120 22845 22849 23122 16074 0
4 21964 22547 23120 22541 16075 0
4 22541 23120 23122 22543 16077 0
4 21983 22561 23138 22564 16089 0
4 22564 23138 23140 22568 16090 0
4 23122 22849 22873 23142 16091 0
4 23142 22873 22877 23144 16092 0
4 22543 23122 23142 22559 16093 0
4 22559 23142 23144 22561 16095 0
4 22568 23140 23156 22576 16101 0
4 22576 23156 23158 22580 16102 0
4 22581 22580 23161 23162 16103 0
4 23162 23161 23165 23166 16104 0
4 23166 23165 23173 23174 16107 0
4 23174 23173 23177 23178 16108 0
4 22877 22876 23441 23442 16285 0
4 23442 23441 23445 23446 16286 0
4 22876 22294 22867 23441 16287 0
4 23441 22867 22869 23445 16289 0
4 23465 22894 22898 23466 16301 0
4 22891 22313 22894 23465 16302 0
4 23446 23445 23469 23470 16303 0
4 23470 23469 23473 23474 16304 0
4 23445 22869 22889 23469 16305 0
4 23469 22889 22891 23473 16307 0
4 23466 22898 22906 23486 16313 0
4 23486 22906 22910 23488 16314 0
4 22910 22911 23492 23491 16315 0
4 23492 23496 23495 23491 16316 0
4 23495 23496 23504 23503 16319 0
4 23503 23504 23508 23507 16320 0
4 23144 22877 23442 23717 16497 0
4 23717 23442 23446 23719 16498 0
4 22561 23144 23717 23138 16499 0
4 23138 23717 23719 23140 16501 0
4 22580 23158 23735 23161 16513 0
4 23161 23735 23737 23165 16514 0
4 23719 23446 23470 23739 16515 0
4 23739 23470 23474 23741 16516 0
4 23140 23719 23739 23156 16517 0
4 23156 23739 23741 23158 16519 0
4 23173 23754 23755 23177 16525 0
4 23165 23737 23754 23173 16526 0
4 23178 23177 23758 23759 16527 0
4 23759 23758 23762 23763 16528 0
4 23763 23762 23770 23771 16531 0
4 23771 23770 23774 23775 16532 0
4 23474 23473 24038 24039 16709 0
4 24039 24038 24042 24043 16710 0
4 24038 23465 23466 24042 16711 0
4 23473 22891 23465 24038 16713 0
4 23488 22910 23491 24061 16725 0
4 24061 23491 23495 24063 16726 0
4 24043 24042 24066 24067 16727 0
4 24067 24066 24070 24071 16728 0
4 24042 23466 23486 24066 16729 0
4 24066 23486 23488 24070 16731 0
4 24063 23495 23503 24083 16737 0
4 24083 23503 23507 24085 16738 0
4 24089 24088 23507 23508 16739 0
4 24092 24088 24089 24093 16740 0
4 23741 23474 24039 24306 16919 0
4 24306 24039 24043 24308 16920 0
4 23158 23741 24306 23735 16921 0
4 23735 24306 24308 23737 16922 0
4 23177 23755 24324 23758 16935 0
4 23758 24324 24326 23762 16936 0
4 24308 24043 24067 24328 16937 0
4 24328 24067 24071 24330 16938 0
4 23754 24328 24330 23755 16939 0
4 23737 24308 24328 23754 16941 0
4 23762 24326 24342 23770 16947 0
4 23770 24342 24344 23774 16948 0
4 23775 23774 24347 24348 16949 0
4 24348 24347 24351 24352 16950 0
4 24092 24093 24526 24525 17060 0
4 24530 24529 24525 24526 17061 0
4 24071 24070 24627 24628 17131 0
4 24628 24627 24631 24632 17132 0
4 24070 23488 24061 24627 17133 0
4 24627 24061 24063 24631 17135 0
4 24085 23507 24088 24650 17147 0
4 24650 24088 24092 24652 17148 0
4 24632 24631 24655 24656 17149 0
4 24656 24655 24659 24660 17150 0
4 24631 24063 24083 24655 17151 0
4 24655 24083 24085 24659 17153 0
4 24330 24071 24628 24879 17335 0
4 24879 24628 24632 24881 17336 0
4 23755 24330 24879 24324 17337 0
4 24324 24879 24881 24326 17338 0
4 23774 24344 24897 24347 17351 0
4 24347 24897 24899 24351 17352 0
4 24881 24632 24656 24901 17353 0
4 24901 24656 24660 24903 17354 0
4 24326 24881 24901 24342 17355 0
4 24342 24901 24903 24344 17357 0
4 24352 24351 24908 24909 17359 0
4 24909 24908 24912 24913 17360 0
4 25090 24525 24529 25091 17472 0
4 24652 24092 24525 25090 17473 0
4 24529 24530 25095 25094 17474 0
4 25099 25098 25094 25095 17475 0
4 25098 25099 25107 25106 17478 0
4 25106 25107 25111 25110 17479 0
4 24660 24659 25208 25209 17549 0
4 25209 25208 25212 25213 17550 0
4 24659 24085 24650 25208 17551 0
4 25208 24650 24652 25212 17553 0
4 24351 24899 25438 24908 17741 0
4 24908 25438 25440 24912 17742 0
4 24903 24660 25209 25442 17743 0
4 25442 25209 25213 25444 17744 0
4 24344 24903 25442 24897 17745 0
4 24897 25442 25444 24899 17746 0
4 24913 24912 25453 25454 17755 0
4 25454 25453 25457 25458 17756 0
4 25458 25457 25473 25474 17763 0
4 25474 25473 25477 25478 17764 0
4 25650 25649 25651 25652 17872 0
4 25656 25655 25649 25650 17873 0
4 25660 25659 25110 25111 17874 0
4 25663 25659 25660 25664 17875 0
4 25663 25664 25668 25667 17876 0
4 25667 25668 25652 25651 17877 0
4 25672 25098 25106 25671 17878 0
4 25671 25106 25110 25674 17879 0
4 25091 24529 25094 25676 17880 0
4 25676 25094 25098 25672 17881 0
4 25213 25212 25679 25680 17882 0
4 25680 25679 25683 25684 17883 0
4 25679 25090 25091 25683 17884 0
4 25212 24652 25090 25679 17886 0
4 25796 25795 25655 25656 17963 0
4 25795 25796 25800 25799 17964 0
4 24912 25440 25991 25453 18123 0
4 25453 25991 25993 25457 18124 0
4 25444 25213 25680 25995 18125 0
4 25995 25680 25684 25997 18126 0
4 24899 25444 25995 25438 18127 0
4 25438 25995 25997 25440 18129 0
4 25473 26028 26029 25477 18153 0
4 25457 25993 26028 25473 18154 0
4 25478 25477 26032 26033 18155 0
4 26033 26032 26036 26037 18156 0
4 26037 26036 26044 26045 18159 0
4 26045 26044 26048 26049 18160 0
4 26049 26048 26052 26053 18161 0
4 26053 26052 26056 26057 18162 0
4 26057 26056 26060 26061 18163 0
4 26065 26061 26060 26064 18164 0
4 26235 25651 25649 26234 18272 0
4 26234 25649 25655 26237 18273 0
4 25674 25110 25659 26245 18276 0
4 26245 25659 25663 26247 18277 0
4 26249 25667 25651 26235 18278 0
4 26247 25663 25667 26249 18279 0
4 26263 26260 26262 26261 18284 0
4 26261 26262 26266 26267 18285 0
4 26260 25672 25671 26262 18286 0
4 26262 25671 25674 26266 18288 0
4 25684 25683 26273 26274 18290 0
4 26274 26273 26260 26263 18291 0
4 25683 25091 25676 26273 18292 0
4 26273 25676 25672 26260 18294 0
4 26237 25655 25795 26367 18359 0
4 26367 25795 25799 26369 18360 0
4 25800 26373 26372 25799 18361 0
4 26377 26376 26372 26373 18362 0
4 26376 26377 26385 26384 18365 0
4 26389 26388 26384 26385 18366 0
4 26048 26527 26526 26052 18474 0
4 26052 26526 26529 26056 18475 0
4 25997 25684 26274 26570 18512 0
4 26570 26274 26263 26572 18513 0
4 25440 25997 26570 25991 18514 0
4 25991 26570 26572 25993 18515 0
4 25477 26029 26604 26032 18543 0
4 26032 26604 26606 26036 18544 0
4 26572 26263 26261 26608 18545 0
4 26608 26261 26267 26610 18546 0
4 26028 26608 26610 26029 18547 0
4 25993 26572 26608 26028 18549 0
4 26036 26606 26614 26044 18551 0
4 26044 26614 26527 26048 18552 0
4 26056 26529 26632 26060 18561 0
4 26060 26632 26634 26064 18562 0
4 26065 26064 26637 26638 18563 0
4 26638 26637 26641 26642 18564 0
4 26642 26641 26649 26650 18567 0
4 26650 26649 26653 26654 18568 0
4 26828 26826 26825 26827 18676 0
4 26827 26825 26831 26832 18677 0
4 26826 26235 26234 26825 18678 0
4 26825 26234 26237 26831 18680 0
4 26267 26266 26844 26845 18684 0
4 26845 26844 26848 26849 18685 0
4 26266 25674 26245 26844 18686 0
4 26844 26245 26247 26848 18688 0
4 26849 26848 26855 26854 18690 0
4 26854 26855 26826 26828 18691 0
4 26855 26249 26235 26826 18692 0
4 26848 26247 26249 26855 18694 0
4 26369 25799 26372 26949 18762 0
4 26949 26372 26376 26951 18763 0
4 26832 26831 26955 26954 18764 0
4 26954 26955 26958 26959 18765 0
4 26831 26237 26367 26955 18766 0
4 26955 26367 26369 26958 18768 0
4 26972 26384 26388 26973 18774 0
4 26951 26376 26384 26972 18775 0
4 26388 26389 26977 26976 18776 0
4 26981 26980 26976 26977 18777 0
4 26980 26981 26989 26988 18780 0
4 26993 26992 26988 26989 18781 0
4 27131 26828 26827 27130 18889 0
4 27130 26827 26832 27133 18890 0
4 26527 27131 27130 26526 18891 0
4 26526 27130 27133 26529 18893 0
4 26610 26267 26845 27195 18949 0
4 27195 26845 26849 27197 18950 0
4 26029 26610 27195 26604 18951 0
4 26604 27195 27197 26606 18953 0
4 27197 26849 26854 27205 18961 0
4 27205 26854 26828 27131 18962 0
4 26606 27197 27205 26614 18963 0
4 26614 27205 27131 26527 18965 0
4 26637 27225 27226 26641 18975 0
4 26064 26634 27225 26637 18976 0
4 27133 26832 26954 27228 18977 0
4 27228 26954 26959 27230 18978 0
4 26529 27133 27228 26632 18979 0
4 26632 27228 27230 26634 18980 0
4 26641 27226 27242 26649 18987 0
4 26649 27242 27244 26653 18988 0
4 26654 26653 27247 27248 18989 0
4 27247 27251 27252 27248 18990 0
4 27252 27251 27259 27260 18993 0
4 27260 27259 27263 27264 18994 0
4 26959 26958 27533 27534 19177 0
4 27534 27533 27537 27538 19178 0
4 26958 26369 26949 27533 19179 0
4 27533 26949 26951 27537 19181 0
4 26973 26388 26976 27556 19193 0
4 27556 26976 26980 27558 19194 0
4 27538 27537 27562 27561 19195 0
4 27561 27562 27565 27566 19196 0
4 27562 26972 26973 27565 19197 0
4 27537 26951 26972 27562 19199 0
4 27558 26980 26988 27578 19205 0
4 27578 26988 26992 27580 19206 0
4 26992 26993 27584 27583 19207 0
4 27588 27587 27583 27584 19208 0
4 27587 27588 27596 27595 19211 0
4 27599 27595 27596 27600 19212 0
4 27230 26959 27534 27813 19395 0
4 27813 27534 27538 27815 19396 0
4 27225 27813 27815 27226 19397 0
4 26634 27230 27813 27225 19399 0
4 26653 27244 27831 27247 19411 0
4 27247 27831 27833 27251 19412 0
4 27815 27538 27561 27835 19413 0
4 27835 27561 27566 27837 19414 0
4 27226 27815 27835 27242 19415 0
4 27242 27835 27837 27244 19417 0
4 27259 27850 27851 27263 19423 0
4 27251 27833 27850 27259 19424 0
4 27264 27263 27854 27855 19425 0
4 27855 27854 27858 27859 19426 0
4 27859 27858 27866 27867 19429 0
4 27867 27866 27870 27871 19430 0
4 27566 27565 28148 28149 19620 0
4 28149 28148 28152 28153 19621 0
4 27565 26973 27556 28148 19622 0
4 28148 27556 27558 28152 19624 0
4 27580 26992 27583 28171 19636 0
4 28171 27583 27587 28173 19637 0
4 28153 28152 28176 28177 19638 0
4 28177 28176 28180 28181 19639 0
4 28152 27558 27578 28176 19640 0
4 28176 27578 27580 28180 19642 0
4 28173 27587 27595 28193 19648 0
4 28193 27595 27599 28195 19649 0
4 28199 28198 27599 27600 19650 0
4 28198 28199 28203 28202 19651 0
4 27837 27566 28149 28428 19843 0
4 28428 28149 28153 28430 19844 0
4 27244 27837 28428 27831 19845 0
4 27831 28428 28430 27833 19846 0
4 27854 28448 28447 27858 19859 0
4 27263 27851 28448 27854 19860 0
4 28430 28153 28177 28450 19861 0
4 28450 28177 28181 28452 19862 0
4 27850 28450 28452 27851 19863 0
4 27833 28430 28450 27850 19865 0
4 27858 28447 28464 27866 19871 0
4 27866 28464 28466 27870 19872 0
4 28474 28473 28471 28472 19873 0
4 27871 27870 28473 28474 19874 0
4 28648 28647 28202 28203 19984 0
4 28651 28647 28648 28652 19985 0
4 28181 28180 28757 28758 20061 0
4 28758 28757 28761 28762 20062 0
4 28180 27580 28171 28757 20063 0
4 28757 28171 28173 28761 20065 0
4 28781 28198 28202 28782 20077 0
4 28195 27599 28198 28781 20078 0
4 28762 28761 28785 28786 20079 0
4 28786 28785 28789 28790 20080 0
4 28761 28173 28193 28785 20081 0
4 28785 28193 28195 28789 20083 0
4 28472 28471 28937 28938 20196 0
4 28938 28937 28941 28942 20197 0
4 28452 28181 28758 29025 20273 0
4 29025 28758 28762 29027 20274 0
4 28448 29025 29027 28447 20275 0
4 27851 28452 29025 28448 20277 0
4 27870 28466 29043 28473 20289 0
4 28473 29043 29045 28471 20290 0
4 29027 28762 28786 29047 20291 0
4 29047 28786 28790 29049 20292 0
4 28447 29027 29047 28464 20293 0
4 28464 29047 29049 28466 20294 0
4 28782 28202 28647 29227 20408 0
4 29227 28647 28651 29229 20409 0
4 29237 29236 29234 29235 20410 0
4 29241 29240 29236 29237 20411 0
4 29245 29244 28651 28652 20412 0
4 29244 29245 29235 29234 20413 0
4 28790 28789 29354 29355 20491 0
4 29355 29354 29358 29359 20492 0
4 29354 28781 28782 29358 20493 0
4 28789 28195 28781 29354 20495 0
4 28471 29045 29511 28937 20614 0
4 28937 29511 29513 28941 20615 0
4 28942 28941 29516 29517 20616 0
4 29517 29516 29520 29521 20617 0
4 29521 29520 29528 29529 20620 0
4 29529 29528 29532 29533 20621 0
4 29049 28790 29355 29616 20697 0
4 29616 29355 29359 29618 20698 0
4 28466 29049 29616 29043 20699 0
4 29043 29616 29618 29045 20701 0
4 29804 29803 29805 29806 20820 0
4 29809 29803 29804 29810 20821 0
4 29814 29813 29240 29241 20822 0
4 29814 29806 29805 29813 20823 0
4 29817 29244 29234 29818 20824 0
4 29229 28651 29244 29817 20825 0
4 29359 29358 29821 29822 20826 0
4 29822 29821 29825 29826 20827 0
4 29358 28782 29227 29821 20828 0
4 29821 29227 29229 29825 20830 0
4 29831 29236 29240 29832 20832 0
4 29818 29234 29236 29831 20833 0
4 29533 29532 30075 30076 21016 0
4 30076 30075 30079 30080 21017 0
4 30088 30084 30086 30087 21018 0
4 30080 30079 30084 30088 21019 0
4 28941 29513 30090 29516 21020 0
4 29516 30090 30092 29520 21021 0
4 29618 29359 29822 30094 21022 0
4 30094 29822 29826 30096 21023 0
4 29045 29618 30094 29511 21024 0
4 29511 30094 30096 29513 21026 0
4 29528 30101 30102 29532 21028 0
4 29520 30092 30101 29528 21029 0
4 30358 30359 30357 30356 21211 0
4 30363 30362 30356 30357 21212 0
4 30362 30363 30367 30366 21213 0
4 30371 30370 30366 30367 21214 0
4 30379 30378 30380 30381 21216 0
4 30381 30380 29809 29810 21217 0
4 30385 30359 30358 30384 21218 0
4 30385 30384 30378 30379 21219 0
4 29832 29240 29813 30387 21220 0
4 30387 29813 29805 30389 21221 0
4 30389 29805 29803 30391 21222 0
4 30391 29803 29809 30393 21223 0
4 29826 29825 30404 30405 21228 0
4 30405 30404 30408 30409 21229 0
4 30404 29817 29818 30408 21230 0
4 29825 29229 29817 30404 21232 0
4 30409 30408 30420 30421 21240 0
4 30421 30420 30424 30425 21241 0
4 30420 29831 29832 30424 21242 0
4 30408 29818 29831 30420 21244 0
4 30655 30654 30651 30652 21411 0
4 30652 30651 30658 30659 21412 0
4 30659 30658 30662 30663 21413 0
4 30663 30662 30666 30667 21414 0
4 30676 30675 30672 30673 21416 0
4 30087 30086 30675 30676 21417 0
4 30680 30679 30654 30655 21418 0
4 30673 30672 30679 30680 21419 0
4 29532 30102 30682 30075 21420 0
4 30075 30682 30684 30079 21421 0
4 30084 30687 30688 30086 21422 0
4 30079 30684 30687 30084 21423 0
4 30096 29826 30405 30698 21428 0
4 30698 30405 30409 30700 21429 0
4 29513 30096 30698 30090 21430 0
4 30090 30698 30700 30092 21431 0
4 30700 30409 30421 30708 21440 0
4 30708 30421 30425 30710 21441 0
4 30101 30708 30710 30102 21442 0
4 30092 30700 30708 30101 21444 0
4 30370 30371 30949 30948 21611 0
4 30953 30952 30948 30949 21612 0
4 30957 30956 30952 30953 21613 0
4 30961 30960 30956 30957 21614 0
4 30965 30358 30356 30964 21615 0
4 30964 30356 30362 30967 21616 0
4 30967 30362 30366 30969 21617 0
4 30969 30366 30370 30971 21618 0
4 30393 29809 30380 30985 21624 0
4 30985 30380 30378 30987 21625 0
4 30987 30378 30384 30989 21626 0
4 30989 30384 30358 30965 21627 0
4 30425 30424 30998 30999 21632 0
4 30999 30998 31002 31003 21633 0
4 30424 29832 30387 30998 21634 0
4 30998 30387 30389 31002 21636 0
4 31003 31002 31008 31009 21638 0
4 31009 31008 31012 31013 21639 0
4 31002 30389 30391 31008 21640 0
4 31008 30391 30393 31012 21641 0
4 30667 30666 31240 31241 21813 0
4 31240 31244 31245 31241 21814 0
4 31253 31249 31251 31252 21815 0
4 31245 31244 31249 31253 21816 0
4 30654 31257 31256 30651 21817 0
4 30651 31256 31259 30658 21818 0
4 30658 31259 31261 30662 21819 0
4 30662 31261 31263 30666 21820 0
4 30086 30688 31276 30675 21826 0
4 30675 31276 31278 30672 21827 0
4 30672 31278 31280 30679 21828 0
4 30679 31280 31257 30654 21829 0
4 30710 30425 30999 31288 21834 0
4 31288 30999 31003 31290 21835 0
4 30102 30710 31288 30682 21836 0
4 30682 31288 31290 30684 21837 0
4 31290 31003 31009 31294 21840 0
4 31294 31009 31013 31296 21841 0
4 30687 31294 31296 30688 21842 0
4 30684 31290 31294 30687 21844 0
4 30960 30961 31528 31527 22013 0
4 31532 31531 31527 31528 22014 0
4 31531 31532 31536 31535 22015 0
4 31540 31539 31535 31536 22016 0
4 30971 30370 30948 31542 22017 0
4 31542 30948 30952 31544 22018 0
4 31547 30956 30960 31548 22019 0
4 31544 30952 30956 31547 22020 0
4 31564 31562 31561 31563 22025 0
4 31563 31561 31567 31568 22026 0
4 31562 30965 30964 31561 22027 0
4 31561 30964 30967 31567 22029 0
4 31568 31567 31574 31575 22031 0
4 31575 31574 31578 31579 22032 0
4 31567 30967 30969 31574 22033 0
4 31574 30969 30971 31578 22035 0
4 31013 31012 31597 31596 22042 0
4 31596 31597 31600 31601 22043 0
4 31012 30393 30985 31597 22044 0
4 31597 30985 30987 31600 22046 0
4 31601 31600 31606 31607 22048 0
4 31607 31606 31562 31564 22049 0
4 31600 30987 30989 31606 22050 0
4 31606 30989 30965 31562 22052 0
4 31837 31836 31833 31834 22226 0
4 31252 31251 31836 31837 22227 0
4 31834 31833 31840 31841 22228 0
4 31841 31840 31844 31845 22229 0
4 30666 31263 31847 31240 22230 0
4 31240 31847 31849 31244 22231 0
4 31249 31852 31853 31251 22232 0
4 31244 31849 31852 31249 22233 0
4 31865 31564 31563 31864 22238 0
4 31864 31563 31568 31867 22239 0
4 31257 31865 31864 31256 22240 0
4 31256 31864 31867 31259 22241 0
4 31867 31568 31575 31872 22244 0
4 31872 31575 31579 31874 22245 0
4 31259 31867 31872 31261 22246 0
4 31261 31872 31874 31263 22248 0
4 31296 31013 31596 31889 22255 0
4 31889 31596 31601 31891 22256 0
4 30688 31296 31889 31276 22257 0
4 31276 31889 31891 31278 22259 0
4 31891 31601 31607 31895 22261 0
4 31895 31607 31564 31865 22262 0
4 31278 31891 31895 31280 22263 0
4 31280 31895 31865 31257 22265 0
4 32125 32124 32126 32127 22435 0
4 31539 31540 32127 32126 22436 0
4 32133 32131 32135 32134 22437 0
4 32124 32125 32135 32131 22438 0
4 31548 30960 31527 32137 22439 0
4 32137 31527 31531 32139 22440 0
4 32139 31531 31535 32141 22441 0
4 32141 31535 31539 32143 22442 0
4 31579 31578 32154 32155 22447 0
4 32155 32154 32158 32159 22448 0
4 31578 30971 31542 32154 22449 0
4 32154 31542 31544 32158 22450 0
4 32159 32158 32165 32164 22453 0
4 32164 32165 32169 32168 22454 0
4 32165 31547 31548 32169 22455 0
4 32158 31544 31547 32165 22457 0
4 32420 32419 32416 32417 22650 0
4 32424 32423 32419 32420 22651 0
4 32428 32427 32423 32424 22652 0
4 31845 31844 32427 32428 22653 0
4 31251 31853 32430 31836 22654 0
4 31836 32430 32432 31833 22655 0
4 31840 32436 32435 31844 22656 0
4 31833 32432 32436 31840 22657 0
4 31874 31579 32155 32446 22662 0
4 32446 32155 32159 32448 22663 0
4 31263 31874 32446 31847 22664 0
4 31847 32446 32448 31849 22665 0
4 32448 32159 32164 32452 22668 0
4 32452 32164 32168 32454 22669 0
4 31852 32452 32454 31853 22670 0
4 31849 32448 32452 31852 22672 0
4 32133 32134 32692 32691 22857 0
4 32696 32695 32691 32692 22858 0
4 32695 32696 32700 32699 22859 0
4 32699 32700 32704 32703 22860 0
4 32143 31539 32126 32706 22861 0
4 32706 32126 32124 32708 22862 0
4 32711 32131 32133 32712 22863 0
4 32708 32124 32131 32711 22864 0
4 32168 32169 32724 32723 22869 0
4 32723 32724 32727 32728 22870 0
4 32169 31548 32137 32724 22871 0
4 32724 32137 32139 32727 22873 0
4 32728 32727 32733 32734 22875 0
4 32734 32733 32737 32738 22876 0
4 32727 32139 32141 32733 22877 0
4 32733 32141 32143 32737 22879 0
4 32995 32994 32991 32992 23073 0
4 32992 32991 32998 32999 23074 0
4 32417 32416 33002 33003 23075 0
4 33003 33002 32994 32995 23076 0
4 31844 32435 33005 32427 23077 0
4 32427 33005 33007 32423 23078 0
4 32423 33007 33009 32419 23079 0
4 32419 33009 33011 32416 23080 0
4 32454 32168 32723 33021 23085 0
4 33021 32723 32728 33023 23086 0
4 31853 32454 33021 32430 23087 0
4 32430 33021 33023 32432 23088 0
4 33023 32728 32734 33027 23091 0
4 33027 32734 32738 33029 23092 0
4 32436 33027 33029 32435 23093 0
4 32432 33023 33027 32436 23095 0
4 32704 33257 33256 32703 23277 0
4 33261 33260 33256 33257 23278 0
4 33260 33261 33265 33264 23279 0
4 33268 33264 33265 33269 23280 0
4 33272 32691 32695 33273 23281 0
4 32712 32133 32691 33272 23282 0
4 33273 32695 32699 33275 23283 0
4 33275 32699 32703 33277 23284 0
4 32738 32737 33288 33289 23289 0
4 33289 33288 33292 33293 23290 0
4 32737 32143 32706 33288 23291 0
4 33288 32706 32708 33292 23293 0
4 33293 33292 33298 33299 23295 0
4 33299 33298 33302 33303 23296 0
4 33298 32711 32712 33302 23297 0
4 33292 32708 32711 33298 23299 0
4 32999 32998 33545 33546 23479 0
4 33546 33545 33549 33550 23480 0
4 33550 33549 33553 33554 23481 0
4 33554 33553 33557 33558 23482 0
4 32416 33011 33560 33002 23483 0
4 33002 33560 33562 32994 23484 0
4 32994 33562 33564 32991 23485 0
4 32991 33564 33566 32998 23486 0
4 33029 32738 33289 33576 23491 0
4 33576 33289 33293 33578 23492 0
4 32435 33029 33576 33005 23493 0
4 33005 33576 33578 33007 23495 0
4 33578 33293 33299 33582 23497 0
4 33582 33299 33303 33584 23498 0
4 33007 33578 33582 33009 23499 0
4 33009 33582 33584 33011 23501 0
4 33784 33783 33268 33269 23659 0
4 33783 33784 33788 33787 23660 0
4 33787 33788 33792 33791 23661 0
4 33796 33795 33791 33792 23662 0
4 33277 32703 33256 33798 23663 0
4 33798 33256 33260 33800 23664 0
4 33803 33264 33268 33804 23665 0
4 33800 33260 33264 33803 23666 0
4 33303 33302 33816 33815 23671 0
4 33815 33816 33820 33819 23672 0
4 33816 33272 33273 33820 23673 0
4 33302 32712 33272 33816 23675 0
4 33819 33820 33826 33825 23677 0
4 33825 33826 33829 33830 23678 0
4 33820 33273 33275 33826 23679 0
4 33826 33275 33277 33829 23681 0
4 33558 33557 34076 34077 23859 0
4 34077 34076 34080 34081 23860 0
4 34081 34080 34084 34085 23861 0
4 34085 34084 34088 34089 23862 0
4 33545 34093 34092 33549 23863 0
4 32998 33566 34093 33545 23864 0
4 33549 34092 34095 33553 23865 0
4 33553 34095 34097 33557 23866 0
4 33584 33303 33815 34107 23871 0
4 34107 33815 33819 34109 23872 0
4 33011 33584 34107 33560 23873 0
4 33560 34107 34109 33562 23875 0
4 34109 33819 33825 34113 23877 0
4 34113 33825 33830 34115 23878 0
4 33562 34109 34113 33564 23879 0
4 33564 34113 34115 33566 23880 0
4 33795 33796 34294 34293 24026 0
4 34298 34297 34293 34294 24027 0
4 34305 34304 34303 34306 24028 0
4 34297 34298 34306 34303 24029 0
4 33804 33268 33783 34308 24030 0
4 34308 33783 33787 34310 24031 0
4 34310 33787 33791 34312 24032 0
4 34312 33791 33795 34314 24033 0
4 33830 33829 34325 34326 24038 0
4 34326 34325 34329 34330 24039 0
4 33829 33277 33798 34325 24040 0
4 34325 33798 33800 34329 24042 0
4 34330 34329 34335 34336 24044 0
4 34336 34335 34339 34340 24045 0
4 34335 33803 33804 34339 24046 0
4 34329 33800 33803 34335 24048 0
4 34089 34088 34585 34586 24225 0
4 34586 34585 34589 34590 24226 0
4 34598 34597 34594 34595 24227 0
4 34590 34589 34597 34598 24228 0
4 33557 34097 34600 34076 24229 0
4 34076 34600 34602 34080 24230 0
4 34080 34602 34604 34084 24231 0
4 34084 34604 34606 34088 24232 0
4 34115 33830 34326 34616 24237 0
4 34616 34326 34330 34618 24238 0
4 34093 34616 34618 34092 24239 0
4 33566 34115 34616 34093 24241 0
4 34618 34330 34336 34622 24243 0
4 34622 34336 34340 34624 24244 0
4 34092 34618 34622 34095 24245 0
4 34095 34622 34624 34097 24246 0
4 34787 34788 34786 34785 24377 0
4 34304 34305 34788 34787 24378 0
4 34795 34796 34794 34793 24379 0
4 34796 34795 34785 34786 24380 0
4 34314 33795 34293 34798 24381 0
4 34798 34293 34297 34800 24382 0
4 34803 34303 34304 34804 24383 0
4 34800 34297 34303 34803 24384 0
4 34340 34339 34816 34815 24389 0
4 34815 34816 34819 34820 24390 0
4 34339 33804 34308 34816 24391 0
4 34816 34308 34310 34819 24393 0
4 34820 34819 34825 34826 24395 0
4 34826 34825 34829 34830 24396 0
4 34819 34310 34312 34825 24397 0
4 34825 34312 34314 34829 24399 0
4 35079 35078 35075 35076 24576 0
4 34595 34594 35078 35079 24577 0
4 35076 35075 35082 35083 24578 0
4 35083 35082 35086 35087 24579 0
4 34088 34606 35089 34585 24580 0
4 34585 35089 35091 34589 24581 0
4 34589 35091 35093 34597 24582 0
4 34597 35093 35095 34594 24583 0
4 34624 34340 34815 35105 24588 0
4 35105 34815 34820 35107 24589 0
4 34097 34624 35105 34600 24590 0
4 34600 35105 35107 34602 24592 0
4 35107 34820 34826 35111 24594 0
4 35111 34826 34830 35113 24595 0
4 34602 35107 35111 34604 24596 0
4 34604 35111 35113 34606 24598 0
4 35259 35258 34793 34794 24715 0
4 35262 35258 35259 35263 24716 0
4 35262 35263 35267 35266 24717 0
4 35271 35270 35266 35267 24718 0
4 34804 34304 34787 35273 24719 0
4 35273 34787 34785 35275 24720 0
4 35275 34785 34795 35277 24721 0
4 35277 34795 34793 35279 24722 0
4 34830 34829 35290 35291 24727 0
4 35291 35290 35294 35295 24728 0
4 34829 34314 34798 35290 24729 0
4 35290 34798 34800 35294 24731 0
4 35295 35294 35300 35301 24733 0
4 35301 35300 35304 35305 24734 0
4 35300 34803 34804 35304 24735 0
4 35294 34800 34803 35300 24737 0
4 35087 35086 35554 35555 24917 0
4 35555 35554 35558 35559 24918 0
4 35559 35558 35562 35563 24919 0
4 35563 35562 35566 35567 24920 0
4 34594 35095 35569 35078 24921 0
4 35078 35569 35571 35075 24922 0
4 35082 35575 35574 35086 24923 0
4 35075 35571 35575 35082 24924 0
4 35113 34830 35291 35585 24929 0
4 35585 35291 35295 35587 24930 0
4 34606 35113 35585 35089 24931 0
4 35089 35585 35587 35091 24932 0
4 35587 35295 35301 35591 24935 0
4 35591 35301 35305 35593 24936 0
4 35091 35587 35591 35093 24937 0
4 35093 35591 35593 35095 24939 0
4 35688 35687 35689 35690 25020 0
4 35690 35689 35693 35694 25021 0
4 35270 35271 35752 35751 25058 0
4 35751 35752 35756 35755 25059 0
4 35755 35756 35760 35759 25060 0
4 35759 35760 35764 35763 25061 0
4 35279 34793 35258 35766 25062 0
4 35766 35258 35262 35768 25063 0
4 35771 35266 35270 35772 25064 0
4 35768 35262 35266 35771 25065 0
4 35305 35304 35783 35784 25070 0
4 35784 35783 35787 35788 25071 0
4 35304 34804 35273 35783 25072 0
4 35783 35273 35275 35787 25074 0
4 35788 35787 35793 35794 25076 0
4 35794 35793 35797 35798 25077 0
4 35787 35275 35277 35793 25078 0
4 35793 35277 35279 35797 25080 0
4 36017 36016 36013 36014 25227 0
4 36014 36013 36020 36021 25228 0
4 36072 36068 36070 36071 25265 0
4 36076 36075 36068 36072 25266 0
4 35567 35566 36079 36080 25267 0
4 36080 36079 36075 36076 25268 0
4 35554 36084 36083 35558 25269 0
4 35086 35574 36084 35554 25270 0
4 35558 36083 36086 35562 25271 0
4 35562 36086 36088 35566 25272 0
4 35593 35305 35784 36098 25277 0
4 36098 35784 35788 36100 25278 0
4 35095 35593 36098 35569 25279 0
4 35569 36098 36100 35571 25280 0
4 36100 35788 35794 36104 25283 0
4 36104 35794 35798 36106 25284 0
4 35575 36104 36106 35574 25285 0
4 35571 36100 36104 35575 25287 0
4 36202 36201 35687 35688 25368 0
4 36201 36202 36206 36205 25369 0
4 36210 35693 35689 36209 25370 0
4 36209 35689 35687 36212 25371 0
4 35694 35693 36215 36216 25372 0
4 36219 36220 36216 36215 25373 0
4 36290 36289 36287 36291 25410 0
4 36291 36287 36294 36295 25411 0
4 35763 35764 36299 36298 25412 0
4 36294 36298 36299 36295 25413 0
4 35772 35270 35751 36301 25414 0
4 36301 35751 35755 36303 25415 0
4 36303 35755 35759 36305 25416 0
4 36305 35759 35763 36307 25417 0
4 35798 35797 36318 36319 25422 0
4 36319 36318 36322 36323 25423 0
4 35797 35279 35766 36318 25424 0
4 36318 35766 35768 36322 25426 0
4 36323 36322 36328 36329 25428 0
4 36329 36328 36332 36333 25429 0
4 36328 35771 35772 36332 25430 0
4 36322 35768 35771 36328 25432 0
4 36021 36020 36540 36541 25582 0
4 36541 36540 36544 36545 25583 0
4 36016 36549 36548 36013 25584 0
4 36013 36548 36551 36020 25585 0
4 36555 36554 36016 36017 25586 0
4 36559 36558 36554 36555 25587 0
4 36618 36617 36614 36615 25624 0
4 36615 36614 36621 36622 25625 0
4 36626 36625 36617 36618 25626 0
4 36071 36070 36625 36626 25627 0
4 35566 36088 36628 36079 25628 0
4 36079 36628 36630 36075 25629 0
4 36068 36633 36634 36070 25630 0
4 36075 36630 36633 36068 25631 0
4 36106 35798 36319 36644 25636 0
4 36644 36319 36323 36646 25637 0
4 36084 36644 36646 36083 25638 0
4 35574 36106 36644 36084 25640 0
4 36646 36323 36329 36650 25642 0
4 36650 36329 36333 36652 25643 0
4 36083 36646 36650 36086 25644 0
4 36086 36650 36652 36088 25646 0
4 36752 36751 36205 36206 25732 0
4 36751 36752 36756 36755 25733 0
4 36212 35687 36201 36758 25734 0
4 36758 36201 36205 36762 25736 0
4 36768 36219 36215 36767 25738 0
4 36767 36215 35693 36210 25739 0
4 36775 36776 36774 36773 25740 0
4 36773 36774 36780 36779 25741 0
4 36776 36210 36209 36774 25742 0
4 36774 36209 36212 36780 25744 0
4 36790 36791 36789 36788 25746 0
4 36289 36290 36791 36790 25747 0
4 36220 36219 36794 36795 25748 0
4 36795 36794 36788 36789 25749 0
4 36856 36287 36289 36857 25783 0
4 36859 36294 36287 36856 25784 0
4 36307 35763 36298 36861 25785 0
4 36861 36298 36294 36859 25786 0
4 36333 36332 36872 36873 25791 0
4 36873 36872 36876 36877 25792 0
4 36332 35772 36301 36872 25793 0
4 36872 36301 36303 36876 25795 0
4 36877 36876 36882 36883 25797 0
4 36883 36882 36886 36887 25798 0
4 36876 36303 36305 36882 25799 0
4 36882 36305 36307 36886 25801 0
4 37011 37009 37008 37010 25885 0
4 36545 36544 37102 37103 25954 0
4 37103 37102 37106 37107 25955 0
4 36020 36551 37109 36540 25956 0
4 36540 37109 37113 36544 25958 0
4 36558 37119 37118 36554 25960 0
4 36554 37118 36549 36016 25961 0
4 37123 36775 36773 37122 25962 0
4 37122 36773 36779 37125 25963 0
4 36549 37123 37122 36548 25964 0
4 36548 37122 37125 36551 25966 0
4 36622 36621 37131 37132 25968 0
4 37132 37131 37135 37136 25969 0
4 37140 37139 36558 36559 25970 0
4 37136 37135 37139 37140 25971 0
4 36617 37191 37190 36614 26005 0
4 36614 37190 37193 36621 26006 0
4 36625 37195 37191 36617 26007 0
4 36070 36634 37195 36625 26008 0
4 36652 36333 36873 37205 26013 0
4 37205 36873 36877 37207 26014 0
4 36088 36652 37205 36628 26015 0
4 36628 37205 37207 36630 26016 0
4 37207 36877 36883 37211 26019 0
4 37211 36883 36887 37213 26020 0
4 36633 37211 37213 36634 26021 0
4 36630 37207 37211 36633 26023 0
4 37323 37322 36755 36756 26112 0
4 37322 37323 37327 37326 26113 0
4 36762 36205 36751 37329 26114 0
4 37329 36751 36755 37333 26116 0
4 36779 36780 37339 37338 26118 0
4 37338 37339 37343 37342 26119 0
4 36780 36212 36758 37339 26120 0
4 37339 36758 36762 37343 26123 0
4 36857 36289 36790 37351 26126 0
4 37351 36790 36788 37353 26127 0
4 37353 36788 36794 37355 26128 0
4 37355 36794 36219 36768 26129 0
4 37362 37363 37361 37360 26130 0
4 37360 37361 36776 36775 26131 0
4 37363 36768 36767 37361 26132 0
4 37361 36767 36210 36776 26134 0
4 37437 37434 37436 37435 26176 0
4 37435 37436 37441 37440 26177 0
4 37436 36856 36857 37441 26178 0
4 37434 36859 36856 37436 26180 0
4 36887 36886 37447 37448 26182 0
4 37448 37447 37434 37437 26183 0
4 36886 36307 36861 37447 26184 0
4 37447 36861 36859 37434 26186 0
4 37568 37569 37571 37570 26270 0
4 37574 37575 37010 37008 26271 0
4 37578 37008 37009 37579 26272 0
4 37107 37106 37682 37683 26345 0
4 37683 37682 37686 37687 26346 0
4 36544 37113 37689 37102 26347 0
4 37102 37689 37693 37106 26349 0
4 37125 36779 37338 37697 26351 0
4 37697 37338 37342 37699 26352 0
4 36551 37125 37697 37109 26353 0
4 37109 37697 37699 37113 26354 0
4 36621 37193 37707 37131 26359 0
4 37131 37707 37709 37135 26360 0
4 37139 37711 37119 36558 26361 0
4 37135 37709 37711 37139 26362 0
4 37715 37362 37360 37714 26363 0
4 37714 37360 36775 37123 26364 0
4 37119 37715 37714 37118 26365 0
4 37118 37714 37123 36549 26367 0
4 37772 37437 37435 37771 26409 0
4 37771 37435 37440 37774 26410 0
4 37191 37772 37771 37190 26411 0
4 37190 37771 37774 37193 26413 0
4 37213 36887 37448 37779 26415 0
4 37779 37448 37437 37772 26416 0
4 37195 37779 37772 37191 26417 0
4 36634 37213 37779 37195 26419 0
4 37874 37873 37326 37327 26503 0
4 37878 37877 37873 37874 26504 0
4 37333 36755 37322 37900 26514 0
4 37900 37322 37326 37904 26516 0
4 37342 37343 37910 37909 26518 0
4 37909 37910 37913 37914 26519 0
4 37343 36762 37329 37910 26520 0
4 37910 37329 37333 37913 26523 0
4 37440 37441 37934 37933 26534 0
4 37933 37934 37938 37937 26535 0
4 37441 36857 37351 37934 26536 0
4 37934 37351 37353 37938 26538 0
4 37937 37938 37944 37943 26540 0
4 37943 37944 37363 37362 26541 0
4 37938 37353 37355 37944 26542 0
4 37944 37355 36768 37363 26544 0
4 38120 38119 37568 37570 26664 0
4 38123 38124 37569 37568 26665 0
4 38133 38136 38135 38134 26667 0
4 37877 37878 38140 38139 26668 0
4 38139 38140 37575 37574 26669 0
4 38142 37574 37008 37578 26670 0
4 37578 37579 38136 38133 26672 0
4 38260 38259 38256 38257 26750 0
4 37687 37686 38259 38260 26751 0
4 37106 37693 38262 37682 26752 0
4 37682 38262 38266 37686 26754 0
4 37699 37342 37909 38270 26756 0
4 38270 37909 37914 38272 26757 0
4 37113 37699 38270 37689 26758 0
4 37689 38270 38272 37693 26761 0
4 37774 37440 37933 38288 26772 0
4 38288 37933 37937 38290 26773 0
4 37193 37774 38288 37707 26774 0
4 37707 38288 38290 37709 26775 0
4 38290 37937 37943 38294 26778 0
4 38294 37943 37362 37715 26779 0
4 37711 38294 37715 37119 26780 0
4 37709 38290 38294 37711 26782 0
4 37904 37326 37873 38422 26899 0
4 38422 37873 37877 38426 26901 0
4 37914 37913 38448 38449 26912 0
4 38449 38448 38452 38453 26913 0
4 37913 37333 37900 38448 26914 0
4 38448 37900 37904 38452 26917 0
4 38134 38135 38650 38649 27053 0
4 38257 38256 38653 38654 27054 0
4 38654 38653 38119 38120 27055 0
4 38119 38656 38123 37568 27056 0
4 38649 38650 38124 38123 27058 0
4 38668 38667 38133 38134 27061 0
4 38426 37877 38139 38674 27063 0
4 38674 38139 37574 38142 27065 0
4 38667 38142 37578 38133 27067 0
4 38259 38793 38792 38256 27149 0
4 37686 38266 38793 38259 27151 0
4 38272 37914 38449 38799 27153 0
4 38799 38449 38453 38801 27154 0
4 37693 38272 38799 38262 27155 0
4 38262 38799 38801 38266 27156 0
4 38453 38452 38937 38938 27286 0
4 38938 38937 38941 38942 27287 0
4 38452 37904 38422 38937 27288 0
4 38937 38422 38426 38941 27291 0
4 39139 38668 38134 38649 27423 0
4 38256 38792 39143 38653 27425 0
4 38653 39143 38656 38119 27427 0
4 38656 39139 38649 38123 27429 0
4 38942 38941 39161 39162 27436 0
4 39162 39161 38667 38668 27437 0
4 38941 38426 38674 39161 27440 0
4 39161 38674 38142 38667 27443 0
4 38801 38453 38938 39290 27530 0
4 39290 38938 38942 39292 27531 0
4 38793 39290 39292 38792 27532 0
4 38266 38801 39290 38793 27535 0
4 39292 38942 39162 39581 27755 0
4 39581 39162 38668 39139 27756 0
4 38792 39292 39581 39143 27759 0
4 39143 39581 39139 38656 27762 0
