4 37009 37011 37007 37005 25885 0
4 37571 37569 37565 37567 26270 0
4 37009 37005 37577 37579 26272 0
4 37583 37581 37005 37007 26273 0
4 38124 38122 37565 37569 26665 0
4 37567 37565 38125 38128 26666 0
4 38136 38130 38132 38135 26667 0
4 37579 37577 38130 38136 26672 0
4 38146 37577 37005 37581 26673 0
4 38150 38148 37581 37583 26674 0
4 38135 38132 38648 38650 27053 0
4 38650 38648 38122 38124 27058 0
4 38125 37565 38122 38659 27059 0
4 38662 38664 38128 38125 27060 0
4 38671 38132 38130 38670 27062 0
4 38130 37577 38146 38670 27070 0
4 38681 38146 37581 38148 27071 0
4 38685 38683 38148 38150 27072 0
4 38689 38687 38683 38685 27073 0
4 39141 38648 38132 38671 27424 0
4 38122 38648 39141 38659 27432 0
4 39149 39152 38664 38662 27433 0
4 38662 38125 38659 39154 27434 0
4 39156 39158 39152 39149 27435 0
4 39168 38671 38670 39166 27439 0
4 39176 38681 38148 38683 27449 0
4 39166 38670 38146 38681 27450 0
4 39178 39176 38683 38687 27451 0
4 39184 39182 38687 38689 27453 0
4 39188 39187 39182 39184 27454 0
4 39584 39141 38671 39168 27758 0
4 39149 38662 39154 39591 27768 0
4 39154 38659 39141 39584 27769 0
4 39595 39598 39158 39156 27771 0
4 39156 39149 39591 39600 27772 0
4 39598 39595 39604 39603 27773 0
4 39612 39168 39166 39610 27777 0
4 39610 39166 38681 39176 27786 0
4 39620 39612 39610 39618 27787 0
4 39618 39610 39176 39178 27789 0
4 39624 39178 38687 39182 27790 0
4 39631 39624 39182 39187 27795 0
4 39187 39188 39635 39633 27796 0
4 39639 39637 39633 39635 27797 0
4 39978 39584 39168 39612 28055 0
4 39591 39154 39584 39978 28064 0
4 39984 39978 39612 39620 28065 0
4 39595 39156 39600 39990 28070 0
4 39600 39591 39978 39984 28071 0
4 39604 39595 39990 39995 28073 0
4 39603 39604 39999 39998 28074 0
4 39998 39999 40002 40003 28075 0
4 40014 39620 39618 40012 28085 0
4 40012 39618 39178 39624 28088 0
4 40022 40014 40012 40020 28093 0
4 40029 39631 39187 39633 28098 0
4 40020 40012 39624 39631 28099 0
4 40035 40032 39637 39639 28101 0
4 40037 40029 39633 39637 28102 0
4 40041 40039 40032 40035 28103 0
4 40342 39984 39620 40014 28332 0
4 39990 39600 39984 40342 28339 0
4 40348 40342 40014 40022 28340 0
4 39995 39990 40342 40348 28345 0
4 39999 39604 39995 40355 28346 0
4 40002 39999 40355 40357 28347 0
4 40003 40002 40359 40361 28348 0
4 40367 40366 40361 40359 28350 0
4 40376 40022 40020 40374 28357 0
4 40374 40020 39631 40029 28362 0
4 40384 40376 40374 40382 28365 0
4 40391 40037 39637 40032 28370 0
4 40382 40374 40029 40037 28371 0
4 40039 40041 40397 40394 28373 0
4 40399 40391 40032 40039 28374 0
4 40394 40397 40403 40401 28375 0
4 40680 40348 40022 40376 28577 0
4 40355 39995 40348 40680 28584 0
4 40686 40680 40376 40384 28585 0
4 40357 40355 40680 40686 28586 0
4 40359 40002 40357 40690 28588 0
4 40367 40359 40690 40697 28593 0
4 40366 40367 40701 40700 28594 0
4 40700 40701 40703 40705 28595 0
4 40714 40384 40382 40712 28602 0
4 40712 40382 40037 40391 28609 0
4 40722 40714 40712 40720 28610 0
4 40729 40399 40039 40394 28615 0
4 40720 40712 40391 40399 28616 0
4 40733 40729 40394 40401 28618 0
4 40401 40403 40737 40735 28619 0
4 40741 40739 40735 40737 28620 0
4 41005 40686 40384 40714 28813 0
4 40690 40357 40686 41005 28814 0
4 41011 41005 40714 40722 28821 0
4 40697 40690 41005 41011 28826 0
4 40701 40367 40697 41018 28827 0
4 41021 41024 40705 40703 28829 0
4 40703 40701 41018 41026 28830 0
4 41024 41021 41030 41029 28831 0
4 41039 40722 40720 41037 28838 0
4 41037 40720 40399 40729 28845 0
4 41047 41039 41037 41045 28846 0
4 41054 40733 40401 40735 28851 0
4 41045 41037 40729 40733 28852 0
4 41056 41054 40735 40739 28853 0
4 41062 41060 40739 40741 28855 0
4 41060 41062 41066 41064 28856 0
4 41324 41011 40722 41039 29041 0
4 41018 40697 41011 41324 29048 0
4 41330 41324 41039 41047 29049 0
4 41021 40703 41026 41336 29054 0
4 41026 41018 41324 41330 29055 0
4 41030 41021 41336 41341 29057 0
4 41345 41344 41029 41030 29058 0
4 41344 41345 41347 41349 29059 0
4 41358 41047 41045 41356 29066 0
4 41356 41045 40733 41054 29073 0
4 41366 41358 41356 41364 29074 0
4 41364 41356 41054 41056 29076 0
4 41370 41056 40739 41060 29077 0
4 41377 41370 41060 41064 29082 0
4 41064 41066 41381 41379 29083 0
4 41385 41383 41379 41381 29084 0
4 41634 41330 41047 41358 29261 0
4 41336 41026 41330 41634 29268 0
4 41640 41634 41358 41366 29269 0
4 41341 41336 41634 41640 29274 0
4 41345 41030 41341 41647 29275 0
4 41349 41347 41650 41653 29277 0
4 41347 41345 41647 41655 29278 0
4 41657 41659 41653 41650 29279 0
4 41668 41366 41364 41666 29286 0
4 41666 41364 41056 41370 29289 0
4 41676 41668 41666 41674 29294 0
4 41683 41377 41064 41379 29299 0
4 41674 41666 41370 41377 29300 0
4 41687 41683 41379 41383 29302 0
4 41691 41689 41383 41385 29303 0
4 41695 41693 41689 41691 29304 0
4 41931 41640 41366 41668 29473 0
4 41647 41341 41640 41931 29480 0
4 41937 41931 41668 41676 29481 0
4 41650 41347 41655 41944 29486 0
4 41655 41647 41931 41937 29487 0
4 41659 41657 41947 41950 29489 0
4 41657 41650 41944 41952 29490 0
4 41950 41947 41956 41955 29491 0
4 41965 41676 41674 41963 29498 0
4 41963 41674 41377 41683 29505 0
4 41973 41965 41963 41971 29506 0
4 41980 41687 41383 41689 29511 0
4 41971 41963 41683 41687 29512 0
4 41982 41980 41689 41693 29513 0
4 41693 41695 41988 41986 29515 0
4 41992 41990 41986 41988 29516 0
4 42223 41937 41676 41965 29678 0
4 41944 41655 41937 42223 29685 0
4 42229 42223 41965 41973 29686 0
4 41947 41657 41952 42235 29691 0
4 41952 41944 42223 42229 29692 0
4 41956 41947 42235 42240 29694 0
4 42244 42243 41955 41956 29695 0
4 42246 42248 42243 42244 29696 0
4 42257 41973 41971 42255 29703 0
4 42255 41971 41687 41980 29710 0
4 42265 42257 42255 42263 29711 0
4 42263 42255 41980 41982 29713 0
4 42269 41982 41693 41986 29714 0
4 42276 42269 41986 41990 29719 0
4 41990 41992 42280 42278 29720 0
4 42278 42280 42284 42282 29721 0
4 42508 42229 41973 42257 29877 0
4 42235 41952 42229 42508 29884 0
4 42514 42508 42257 42265 29885 0
4 42240 42235 42508 42514 29890 0
4 42244 41956 42240 42521 29891 0
4 42248 42246 42525 42527 29893 0
4 42246 42244 42521 42529 29894 0
4 42527 42525 42533 42532 29895 0
4 42542 42265 42263 42540 29902 0
4 42540 42263 41982 42269 29905 0
4 42550 42542 42540 42548 29910 0
4 42557 42276 41990 42278 29915 0
4 42548 42540 42269 42276 29916 0
4 42561 42557 42278 42282 29918 0
4 42565 42563 42282 42284 29919 0
4 42563 42565 42569 42567 29920 0
4 42783 42514 42265 42542 30072 0
4 42521 42240 42514 42783 30079 0
4 42789 42783 42542 42550 30080 0
4 42525 42246 42529 42796 30085 0
4 42529 42521 42783 42789 30086 0
4 42533 42525 42796 42800 30088 0
4 42532 42533 42802 42804 30089 0
4 42804 42802 42808 42807 30090 0
4 42817 42550 42548 42815 30097 0
4 42815 42548 42276 42557 30104 0
4 42825 42817 42815 42823 30105 0
4 42832 42561 42282 42563 30110 0
4 42823 42815 42557 42561 30111 0
4 42836 42832 42563 42567 30113 0
4 42840 42838 42567 42569 30114 0
4 42838 42840 42844 42842 30115 0
4 43049 42789 42550 42817 30264 0
4 42796 42529 42789 43049 30271 0
4 43055 43049 42817 42825 30272 0
4 42800 42796 43049 43055 30277 0
4 42802 42533 42800 43062 30278 0
4 42808 42802 43062 43066 30280 0
4 42807 42808 43068 43070 30281 0
4 43070 43068 43074 43073 30282 0
4 43083 42825 42823 43081 30289 0
4 43081 42823 42561 42832 30296 0
4 43091 43083 43081 43089 30297 0
4 43098 42836 42567 42838 30302 0
4 43089 43081 42832 42836 30303 0
4 43104 43101 42842 42844 30305 0
4 43106 43098 42838 42842 30306 0
4 43101 43104 43110 43108 30307 0
4 43304 43055 42825 43083 30451 0
4 43062 42800 43055 43304 30458 0
4 43310 43304 43083 43091 30459 0
4 43066 43062 43304 43310 30464 0
4 43068 42808 43066 43317 30465 0
4 43074 43068 43317 43321 30467 0
4 43073 43074 43325 43324 30468 0
4 43334 43091 43089 43332 30475 0
4 43332 43089 42836 43098 30482 0
4 43342 43334 43332 43340 30483 0
4 43349 43106 42842 43101 30488 0
4 43340 43332 43098 43106 30489 0
4 43108 43110 43355 43352 30491 0
4 43357 43349 43101 43108 30492 0
4 43361 43359 43352 43355 30493 0
4 43324 43325 43546 43548 30626 0
4 43554 43310 43091 43334 30634 0
4 43317 43066 43310 43554 30641 0
4 43560 43554 43334 43342 30642 0
4 43321 43317 43554 43560 30647 0
4 43325 43074 43321 43567 30648 0
4 43546 43325 43567 43571 30650 0
4 43580 43342 43340 43578 30657 0
4 43578 43340 43106 43349 30664 0
4 43588 43580 43578 43586 30665 0
4 43595 43357 43108 43352 30670 0
4 43586 43578 43349 43357 30671 0
4 43601 43598 43359 43361 30673 0
4 43603 43595 43352 43359 30674 0
4 43598 43601 43607 43605 30675 0
4 43548 43546 43782 43785 30802 0
4 43798 43560 43342 43580 30812 0
4 43567 43321 43560 43798 30819 0
4 43804 43798 43580 43588 30820 0
4 43782 43546 43571 43811 30825 0
4 43571 43567 43798 43804 30826 0
4 43816 43782 43811 43818 30828 0
4 43827 43588 43586 43825 30835 0
4 43825 43586 43357 43595 30842 0
4 43835 43827 43825 43833 30843 0
4 43842 43603 43359 43598 30848 0
4 43833 43825 43595 43603 30849 0
4 43848 43846 43605 43607 30851 0
4 43850 43842 43598 43605 30852 0
4 43854 43852 43846 43848 30853 0
4 43785 43782 43816 44017 30974 0
4 44030 43804 43588 43827 30984 0
4 43811 43571 43804 44030 30991 0
4 44036 44030 43827 43835 30992 0
4 43818 43811 44030 44036 30997 0
4 44044 43816 43818 44046 30998 0
4 44055 43835 43833 44053 31005 0
4 44053 43833 43603 43842 31012 0
4 44063 44055 44053 44061 31013 0
4 44070 43850 43605 43846 31018 0
4 44061 44053 43842 43850 31019 0
4 44074 44070 43846 43852 31021 0
4 43852 43854 44078 44076 31022 0
4 44076 44078 44082 44080 31023 0
4 44044 44245 44017 43816 31140 0
4 44246 44044 44046 44248 31141 0
4 44260 44036 43835 44055 31152 0
4 44046 43818 44036 44260 31159 0
4 44266 44260 44055 44063 31160 0
4 44248 44046 44260 44266 31164 0
4 44278 44063 44061 44276 31171 0
4 44276 44061 43850 44070 31178 0
4 44286 44278 44276 44284 31179 0
4 44293 44074 43852 44076 31184 0
4 44284 44276 44070 44074 31185 0
4 44297 44293 44076 44080 31187 0
4 44301 44299 44080 44082 31188 0
4 44305 44303 44299 44301 31189 0
4 44452 44246 44248 44454 31296 0
4 44455 44245 44044 44246 31297 0
4 44479 44266 44063 44278 31313 0
4 44454 44248 44266 44479 31320 0
4 44485 44479 44278 44286 31321 0
4 44493 44454 44479 44485 31325 0
4 44502 44286 44284 44500 31332 0
4 44500 44284 44074 44293 31339 0
4 44510 44502 44500 44508 31340 0
4 44517 44297 44080 44299 31345 0
4 44508 44500 44293 44297 31346 0
4 44523 44521 44303 44305 31348 0
4 44525 44517 44299 44303 31349 0
4 44521 44523 44652 44650 31444 0
4 44654 44452 44454 44493 31446 0
4 44655 44455 44246 44452 31447 0
4 44681 44485 44286 44502 31465 0
4 44690 44493 44485 44681 31472 0
4 44692 44681 44502 44510 31473 0
4 44703 44510 44508 44701 31481 0
4 44701 44508 44297 44517 31488 0
4 44714 44525 44303 44521 31493 0
4 44716 44701 44517 44525 31494 0
4 44650 44652 44838 44836 31582 0
4 44840 44714 44521 44650 31583 0
4 44844 44703 44701 44716 31585 0
4 44850 44690 44681 44692 31588 0
4 44655 44452 44654 44852 31590 0
4 44853 44654 44493 44690 31591 0
4 44876 44692 44510 44703 31610 0
4 44890 44716 44525 44714 31627 0
4 44836 44838 44983 44982 31701 0
4 44987 44840 44650 44836 31703 0
4 44991 44890 44714 44840 31705 0
4 44995 44844 44716 44890 31707 0
4 44999 44876 44703 44844 31709 0
4 45005 44850 44692 44876 31712 0
4 44852 44654 44853 45007 31714 0
4 45008 44853 44690 44850 31715 0
4 45107 45106 44982 44983 31805 0
4 45109 44987 44836 44982 31807 0
4 45113 44991 44840 44987 31809 0
4 45115 44995 44890 44991 31811 0
4 45119 44999 44844 44995 31813 0
4 45122 45005 44876 44999 31816 0
4 45124 45008 44850 45005 31818 0
4 45125 45007 44853 45008 31819 0
4 45156 45155 45106 45107 31839 0
4 45204 45109 44982 45106 31889 0
4 45208 45113 44987 45109 31892 0
4 45212 45115 44991 45113 31895 0
4 45216 45119 44995 45115 31898 0
4 45220 45122 44999 45119 31902 0
4 45222 45125 45008 45124 31904 0
4 45223 45124 45005 45122 31905 0
4 45155 45156 45245 45244 31922 0
4 45249 45204 45106 45155 31926 0
4 45275 45208 45109 45204 31951 0
4 45283 45212 45113 45208 31956 0
4 45287 45216 45115 45212 31959 0
4 45291 45220 45119 45216 31963 0
4 45293 45223 45122 45220 31965 0
4 45222 45124 45223 45294 31966 0
4 45312 45311 45244 45245 31982 0
4 45313 45249 45155 45244 31983 0
4 45321 45275 45204 45249 31989 0
4 45333 45283 45208 45275 32000 0
4 45336 45287 45212 45283 32003 0
4 45340 45291 45216 45287 32007 0
4 45293 45342 45294 45223 32009 0
4 45343 45293 45220 45291 32010 0
4 45352 45351 45311 45312 32018 0
4 45313 45244 45311 45358 32024 0
4 45360 45321 45249 45313 32026 0
4 45368 45333 45275 45321 32032 0
4 45376 45336 45283 45333 32039 0
4 45380 45340 45287 45336 32043 0
4 45382 45343 45291 45340 32045 0
4 45383 45342 45293 45343 32046 0
4 45311 45351 45389 45358 32052 0
4 45360 45313 45358 45395 32058 0
4 45397 45368 45321 45360 32060 0
4 45402 45376 45333 45368 32065 0
4 45408 45380 45336 45376 32071 0
4 45383 45343 45382 45410 32073 0
4 45411 45382 45340 45380 32074 0
4 45395 45358 45389 45416 32079 0
4 45397 45360 45395 45422 32085 0
4 45423 45402 45368 45397 32086 0
4 45427 45408 45376 45402 32090 0
4 45431 45411 45380 45408 32094 0
4 45411 45432 45410 45382 32095 0
4 45422 45395 45416 45437 32100 0
4 45440 45423 45397 45422 32103 0
4 45442 45427 45402 45423 32105 0
4 45432 45411 45431 45446 32109 0
4 45447 45431 45408 45427 32110 0
4 45437 45450 45440 45422 32113 0
4 45442 45423 45440 45454 32117 0
4 45456 45447 45427 45442 32119 0
4 45457 45446 45431 45447 32120 0
4 45454 45440 45450 45460 32123 0
4 45457 45447 45456 45462 32125 0
4 45463 45456 45442 45454 32126 0
4 45460 45465 45463 45454 32128 0
4 45462 45456 45463 45466 32129 0
4 45465 45467 45466 45463 32130 0
