4 8 7 3 6 1 0
4 15 16 14 13 2 0
4 7 24 22 3 4 0
4 6 3 27 28 5 0
4 32 15 13 30 6 0
4 40 39 13 14 8 0
4 48 47 43 45 9 0
4 48 45 22 24 14 0
4 3 22 62 27 15 0
4 28 27 65 66 16 0
4 70 69 43 47 17 0
4 70 32 30 69 18 0
4 30 13 39 74 20 0
4 39 40 84 83 23 0
4 93 94 96 95 25 0
4 45 43 107 108 28 0
4 22 45 108 62 36 0
4 66 65 122 123 37 0
4 27 62 125 65 38 0
4 123 122 128 129 39 0
4 138 139 141 140 41 0
4 43 69 145 107 43 0
4 149 153 152 151 44 0
4 69 30 74 145 46 0
4 74 39 83 158 49 0
4 153 149 83 84 51 0
4 178 177 93 95 57 0
4 181 182 94 93 58 0
4 108 107 205 206 66 0
4 62 108 206 125 76 0
4 65 125 217 122 77 0
4 122 217 219 128 78 0
4 129 128 224 225 80 0
4 225 224 236 237 82 0
4 140 243 242 138 85 0
4 139 138 250 251 87 0
4 151 152 255 254 88 0
4 107 145 260 205 91 0
4 263 149 151 264 92 0
4 145 74 158 260 96 0
4 158 83 149 263 98 0
4 254 255 287 286 109 0
4 302 303 305 304 113 0
4 317 316 177 178 115 0
4 177 319 181 93 116 0
4 181 304 305 182 118 0
4 206 205 348 349 133 0
4 125 206 349 217 140 0
4 349 348 359 360 143 0
4 217 349 360 219 144 0
4 128 219 363 224 146 0
4 224 363 369 236 149 0
4 237 236 384 385 153 0
4 385 384 394 395 158 0
4 398 399 303 302 159 0
4 398 242 243 399 160 0
4 242 403 250 138 162 0
4 412 413 251 250 165 0
4 424 254 286 425 169 0
4 264 151 254 424 170 0
4 205 260 431 348 174 0
4 348 431 433 359 175 0
4 431 263 264 433 176 0
4 260 158 263 431 180 0
4 459 460 458 457 196 0
4 286 287 460 459 197 0
4 486 485 302 304 206 0
4 502 501 316 317 210 0
4 316 504 319 177 211 0
4 319 486 304 181 213 0
4 511 510 501 502 218 0
4 236 369 531 384 228 0
4 384 531 533 394 229 0
4 360 359 554 555 246 0
4 555 554 558 559 247 0
4 219 360 555 363 249 0
4 363 555 559 369 253 0
4 395 394 596 597 268 0
4 597 596 600 601 269 0
4 485 603 398 302 270 0
4 603 403 242 398 273 0
4 611 610 612 613 274 0
4 617 412 250 403 276 0
4 413 412 610 611 279 0
4 425 286 459 640 287 0
4 640 459 457 642 288 0
4 652 424 425 651 295 0
4 359 433 652 554 297 0
4 554 652 651 558 298 0
4 433 264 424 652 299 0
4 682 681 457 458 323 0
4 681 682 686 685 324 0
4 724 723 485 486 339 0
4 501 734 504 316 345 0
4 504 724 486 319 347 0
4 510 739 734 501 353 0
4 743 742 510 511 354 0
4 749 748 742 743 356 0
4 394 533 775 596 368 0
4 596 775 777 600 369 0
4 559 558 786 787 376 0
4 787 786 790 791 377 0
4 369 559 787 531 378 0
4 531 787 791 533 380 0
4 601 600 811 812 397 0
4 812 811 815 816 398 0
4 855 856 613 612 416 0
4 723 858 603 485 417 0
4 858 617 403 603 421 0
4 865 612 610 864 423 0
4 864 610 412 617 425 0
4 856 855 895 896 438 0
4 642 457 681 910 449 0
4 910 681 685 912 450 0
4 651 425 640 914 451 0
4 914 640 642 917 453 0
4 558 651 914 786 455 0
4 786 914 917 790 456 0
4 948 947 685 686 482 0
4 952 951 947 948 483 0
4 1000 999 723 724 507 0
4 734 1000 724 504 513 0
4 1013 1012 999 1000 519 0
4 748 1017 1015 742 520 0
4 739 1013 1000 734 521 0
4 742 1015 739 510 522 0
4 1030 1029 1027 1028 526 0
4 1028 1027 748 749 527 0
4 600 777 1070 811 549 0
4 811 1070 1072 815 550 0
4 791 790 1075 1076 551 0
4 1076 1075 1079 1080 552 0
4 533 791 1076 775 553 0
4 775 1076 1080 777 555 0
4 816 815 1100 1101 572 0
4 1101 1100 1104 1105 573 0
4 1158 895 855 1159 600 0
4 1159 855 612 865 601 0
4 1012 1165 1164 999 603 0
4 999 1164 858 723 604 0
4 1165 865 864 1164 607 0
4 1164 864 617 858 608 0
4 896 895 1201 1202 630 0
4 1202 1201 1211 1212 635 0
4 912 685 947 1228 650 0
4 1228 947 951 1230 651 0
4 917 642 910 1232 652 0
4 790 917 1232 1075 654 0
4 1075 1232 1235 1079 655 0
4 1232 910 912 1235 656 0
4 951 952 1265 1264 679 0
4 1264 1265 1269 1268 680 0
4 1029 1317 1315 1027 707 0
4 1027 1315 1017 748 708 0
4 1341 1339 1337 1340 724 0
4 1340 1337 1012 1013 725 0
4 1017 1341 1340 1015 727 0
4 1015 1340 1013 739 729 0
4 1365 1364 1362 1363 737 0
4 1363 1362 1029 1030 738 0
4 815 1072 1413 1100 769 0
4 1100 1413 1415 1104 770 0
4 1080 1079 1418 1419 771 0
4 1419 1418 1422 1423 772 0
4 777 1080 1419 1070 773 0
4 1070 1419 1423 1072 775 0
4 1105 1104 1438 1439 786 0
4 1443 1439 1438 1442 787 0
4 1519 1211 1201 1518 828 0
4 1518 1201 895 1158 829 0
4 1339 1522 1523 1337 830 0
4 1337 1523 1165 1012 831 0
4 1522 1158 1159 1523 832 0
4 1523 1159 865 1165 834 0
4 1573 1572 1574 1575 867 0
4 1572 1573 1212 1211 868 0
4 1230 951 1264 1597 890 0
4 1597 1264 1268 1599 891 0
4 1079 1235 1601 1418 892 0
4 1418 1601 1603 1422 893 0
4 1235 912 1228 1601 894 0
4 1601 1228 1230 1603 895 0
4 1634 1633 1268 1269 915 0
4 1633 1634 1638 1637 916 0
4 1364 1684 1682 1362 941 0
4 1362 1682 1317 1029 942 0
4 1712 1710 1708 1711 957 0
4 1711 1708 1339 1341 958 0
4 1317 1712 1711 1315 959 0
4 1315 1711 1341 1017 961 0
4 1737 1736 1734 1735 978 0
4 1735 1734 1364 1365 979 0
4 1104 1415 1802 1438 1018 0
4 1438 1802 1804 1442 1019 0
4 1423 1422 1807 1808 1020 0
4 1808 1807 1811 1812 1021 0
4 1072 1423 1808 1413 1022 0
4 1413 1808 1812 1415 1024 0
4 1835 1834 1832 1833 1035 0
4 1839 1838 1834 1835 1036 0
4 1843 1842 1838 1839 1037 0
4 1443 1442 1842 1843 1038 0
4 1923 1574 1572 1922 1081 0
4 1922 1572 1211 1519 1082 0
4 1710 1941 1940 1708 1097 0
4 1708 1940 1522 1339 1098 0
4 1941 1519 1518 1940 1099 0
4 1940 1518 1158 1522 1100 0
4 1961 1957 1959 1960 1118 0
4 1575 1574 1957 1961 1119 0
4 1599 1268 1633 2017 1158 0
4 2017 1633 1637 2019 1159 0
4 1422 1603 2021 1807 1160 0
4 1807 2021 2023 1811 1161 0
4 1603 1230 1597 2021 1162 0
4 2021 1597 1599 2023 1164 0
4 2055 2054 1637 1638 1185 0
4 2059 2058 2054 2055 1186 0
4 2097 2101 2100 2099 1211 0
4 2101 2097 2058 2059 1212 0
4 1736 2129 2127 1734 1221 0
4 1734 2127 1684 1364 1222 0
4 2137 2135 2133 2136 1223 0
4 2136 2133 1710 1712 1224 0
4 1684 2137 2136 1682 1225 0
4 1682 2136 1712 1317 1227 0
4 2182 2181 2179 2180 1258 0
4 2180 2179 1736 1737 1259 0
4 2236 2235 2233 2234 1284 0
4 2240 2239 2235 2236 1285 0
4 2244 2243 2239 2240 1286 0
4 1833 1832 2243 2244 1287 0
4 1842 2272 2274 1838 1308 0
4 1442 1804 2272 1842 1309 0
4 1812 1811 2277 2278 1310 0
4 2278 2277 2281 2282 1311 0
4 1415 1812 2278 1802 1312 0
4 1802 2278 2282 1804 1313 0
4 1838 2274 2298 1834 1325 0
4 1834 2298 2300 1832 1326 0
4 2403 1959 1957 2402 1382 0
4 2402 1957 1574 1923 1383 0
4 2135 2407 2406 2133 1384 0
4 2133 2406 1941 1710 1385 0
4 2407 1923 1922 2406 1386 0
4 2406 1922 1519 1941 1388 0
4 2439 2440 2438 2437 1419 0
4 1959 2437 2438 1960 1420 0
4 2491 2494 2493 2492 1445 0
4 2099 2100 2494 2491 1446 0
4 2492 2493 2498 2497 1447 0
4 2502 2501 2497 2498 1448 0
4 2019 1637 2054 2520 1469 0
4 2520 2054 2058 2522 1470 0
4 1811 2023 2524 2277 1471 0
4 2277 2524 2526 2281 1472 0
4 2023 1599 2017 2524 1473 0
4 2524 2017 2019 2526 1475 0
4 2538 2097 2099 2539 1486 0
4 2522 2058 2097 2538 1487 0
4 2181 2638 2636 2179 1543 0
4 2179 2636 2129 1736 1544 0
4 2646 2644 2642 2645 1545 0
4 2645 2642 2135 2137 1546 0
4 2129 2646 2645 2127 1547 0
4 2127 2645 2137 1684 1549 0
4 2692 2691 2689 2690 1580 0
4 2690 2689 2181 2182 1581 0
4 2234 2233 2757 2758 1614 0
4 2758 2757 2761 2762 1615 0
4 2762 2761 2765 2766 1616 0
4 2766 2765 2769 2770 1617 0
4 1832 2300 2772 2243 1618 0
4 2243 2772 2774 2239 1619 0
4 2239 2774 2776 2235 1620 0
4 2235 2776 2778 2233 1621 0
4 2282 2281 2807 2808 1641 0
4 2808 2807 2811 2812 1642 0
4 2272 2808 2812 2274 1643 0
4 1804 2282 2808 2272 1645 0
4 2812 2811 2829 2830 1656 0
4 2830 2829 2833 2834 1657 0
4 2274 2812 2830 2298 1658 0
4 2298 2830 2834 2300 1660 0
4 2956 2439 2437 2955 1730 0
4 2955 2437 1959 2403 1731 0
4 2644 2959 2960 2642 1732 0
4 2642 2960 2407 2135 1733 0
4 2959 2403 2402 2960 1734 0
4 2960 2402 1923 2407 1736 0
4 2440 2439 2988 2989 1767 0
4 2989 2988 2992 2993 1768 0
4 2501 2502 3059 3058 1801 0
4 3058 3059 3063 3062 1802 0
4 3062 3063 3067 3066 1803 0
4 3071 3070 3066 3067 1804 0
4 3074 2491 2492 3075 1805 0
4 2539 2099 2491 3074 1806 0
4 3075 2492 2497 3077 1807 0
4 3077 2497 2501 3079 1808 0
4 2281 2526 3100 2807 1828 0
4 2807 3100 3102 2811 1829 0
4 2526 2019 2520 3100 1830 0
4 3100 2520 2522 3102 1831 0
4 2811 3102 3113 2829 1843 0
4 2829 3113 3115 2833 1844 0
4 3113 2538 2539 3115 1845 0
4 3102 2522 2538 3113 1847 0
4 2691 3227 3225 2689 1917 0
4 2689 3225 2638 2181 1918 0
4 3235 3233 3231 3234 1919 0
4 3234 3231 2644 2646 1920 0
4 2638 3235 3234 2636 1921 0
4 2636 3234 2646 2129 1923 0
4 2770 2769 3280 3281 1955 0
4 3281 3280 3284 3285 1956 0
4 3289 3288 2691 2692 1957 0
4 3285 3284 3288 3289 1958 0
4 2233 2778 3367 2757 2001 0
4 2757 3367 3369 2761 2002 0
4 2761 3369 3371 2765 2003 0
4 2765 3371 3373 2769 2004 0
4 2834 2833 3384 3385 2009 0
4 3385 3384 3388 3389 2010 0
4 2300 2834 3385 2772 2011 0
4 2772 3385 3389 2774 2013 0
4 3389 3388 3394 3395 2015 0
4 3395 3394 3398 3399 2016 0
4 2774 3389 3395 2776 2017 0
4 2776 3395 3399 2778 2019 0
4 3576 2988 2439 2956 2135 0
4 3578 2992 2988 3576 2136 0
4 3233 3582 3581 3231 2137 0
4 3231 3581 2959 2644 2138 0
4 3582 2956 2955 3581 2139 0
4 3581 2955 2403 2959 2140 0
4 3070 3071 3614 3613 2173 0
4 3613 3614 3618 3617 2174 0
4 3622 3621 3617 3618 2175 0
4 2992 3621 3622 2993 2176 0
4 3079 2501 3058 3700 2219 0
4 3700 3058 3062 3702 2220 0
4 3702 3062 3066 3704 2221 0
4 3704 3066 3070 3706 2222 0
4 3718 3074 3075 3717 2227 0
4 2833 3115 3718 3384 2229 0
4 3384 3718 3717 3388 2230 0
4 3115 2539 3074 3718 2231 0
4 3717 3075 3077 3722 2233 0
4 3722 3077 3079 3724 2234 0
4 3388 3717 3722 3394 2237 0
4 3394 3722 3724 3398 2238 0
4 2769 3373 3874 3280 2353 0
4 3280 3874 3876 3284 2354 0
4 3284 3876 3878 3288 2355 0
4 3288 3878 3227 2691 2356 0
4 3886 3884 3882 3885 2357 0
4 3885 3882 3233 3235 2358 0
4 3227 3886 3885 3225 2359 0
4 3225 3885 3235 2638 2361 0
4 3399 3398 4026 4027 2447 0
4 4027 4026 4030 4031 2448 0
4 2778 3399 4027 3367 2449 0
4 3367 4027 4031 3369 2451 0
4 4031 4030 4036 4037 2453 0
4 4037 4036 4040 4041 2454 0
4 3369 4031 4037 3371 2455 0
4 3371 4037 4041 3373 2457 0
4 3706 3070 3613 4235 2585 0
4 4235 3613 3617 4237 2586 0
4 4237 3617 3621 4239 2587 0
4 4239 3621 2992 3578 2588 0
4 3884 4242 4243 3882 2589 0
4 3882 4243 3582 3233 2590 0
4 4243 3576 2956 3582 2591 0
4 4242 3578 3576 4243 2593 0
4 3724 3079 3700 4363 2679 0
4 3398 3724 4363 4026 2681 0
4 4026 4363 4366 4030 2682 0
4 4363 3700 3702 4366 2683 0
4 4030 4366 4369 4036 2685 0
4 4036 4369 4371 4040 2686 0
4 4366 3702 3704 4369 2687 0
4 4369 3704 3706 4371 2689 0
4 4041 4040 4536 4537 2817 0
4 4537 4536 4540 4541 2818 0
4 3373 4041 4537 3874 2819 0
4 3874 4537 4541 3876 2821 0
4 4541 4540 4546 4547 2823 0
4 4547 4546 3884 3886 2824 0
4 3876 4541 4547 3878 2825 0
4 3878 4547 3886 3227 2827 0
4 4040 4371 4893 4536 3055 0
4 4536 4893 4895 4540 3056 0
4 4371 3706 4235 4893 3057 0
4 4893 4235 4237 4895 3059 0
4 4540 4895 4899 4546 3061 0
4 4546 4899 4242 3884 3062 0
4 4895 4237 4239 4899 3063 0
4 4899 4239 3578 4242 3064 0
